Type,Age,Breed1,Breed2,Gender,Color1,Color2,Color3,MaturitySize,FurLength,Vaccinated,Dewormed,Sterilized,Health,Quantity,Fee,State,VideoAmt,PhotoAmt,desc_length,desc_words,average_word_length
0,0,6,0,2,4,3,1,1,1,0,0,1,0,10,0,1,0,0.0,111,20,5.55
1,10,2,4,1,0,1,1,1,1,2,2,2,0,1,0,0,0,0.0,339,65,5.2153846153846155
0,36,7,5,0,4,2,0,2,1,2,2,2,0,1,0,0,0,3.0,345,64,5.390625
0,1,3,0,1,0,2,0,1,0,0,0,0,0,1,0,0,0,2.0,94,19,4.947368421052632
1,4,2,0,0,0,0,0,1,0,0,0,0,0,2,0,0,0,11.0,406,68,5.970588235294118
1,3,2,0,1,1,0,0,0,0,1,1,1,1,1,0,0,0,0.0,254,52,4.884615384615385
1,24,2,0,1,2,2,0,1,1,2,2,2,0,1,0,0,0,2.0,138,27,5.111111111111111
0,2,12,0,2,0,3,1,0,0,1,1,1,0,6,0,1,0,1.0,82,13,6.3076923076923075
1,60,2,0,1,1,4,0,1,0,0,0,2,0,1,0,0,0,2.0,460,94,4.8936170212765955
0,3,3,0,1,1,2,0,1,0,0,0,0,0,1,0,6,0,1.0,37,7,5.285714285714286
1,2,2,0,1,0,2,0,2,0,2,2,0,0,2,0,0,1,3.0,770,144,5.347222222222222
1,3,16,0,0,0,1,0,0,2,2,2,1,0,1,750,0,0,2.0,246,48,5.125
1,4,16,15,1,1,2,0,0,2,1,2,2,0,1,0,1,0,3.0,193,33,5.848484848484849
1,1,2,3,1,0,1,1,1,1,2,2,0,0,1,0,0,0,1.0,12,2,6.0
0,60,7,0,0,4,2,0,1,1,2,2,0,0,1,0,0,0,0.0,96,17,5.647058823529412
1,32,2,3,2,0,5,2,1,0,2,2,2,0,2,0,0,0,5.0,1063,205,5.185365853658537
1,4,2,18,1,0,1,1,1,1,2,2,2,0,1,0,0,0,10.0,286,57,5.017543859649122
1,2,2,0,0,0,1,0,1,0,0,1,0,0,1,0,0,0,3.0,146,31,4.709677419354839
1,60,27,0,1,0,0,0,1,0,2,2,2,0,1,0,1,0,2.0,108,19,5.684210526315789
0,12,29,0,1,4,4,0,1,1,1,2,2,0,1,0,0,0,2.0,330,70,4.714285714285714
1,12,2,0,1,5,2,0,1,1,2,2,0,0,1,0,0,0,5.0,474,87,5.448275862068965
1,7,2,0,0,0,0,0,0,0,0,0,0,0,1,50,0,1,1.0,367,68,5.397058823529412
1,3,2,0,0,4,2,0,2,0,2,2,0,0,2,0,0,0,9.0,704,137,5.138686131386861
0,2,3,23,1,0,5,1,0,0,0,0,0,0,1,0,0,0,5.0,729,116,6.2844827586206895
1,1,2,0,1,0,2,0,1,1,0,2,0,0,1,0,0,0,4.0,400,74,5.405405405405405
1,6,2,0,0,0,1,2,1,0,2,2,2,0,1,0,0,0,1.0,503,90,5.588888888888889
0,1,3,0,1,0,1,2,1,0,0,0,0,0,1,0,0,0,0.0,448,86,5.209302325581396
1,2,2,0,1,0,1,0,1,0,0,0,0,0,3,0,5,0,3.0,305,62,4.919354838709677
0,3,3,0,0,0,0,0,0,0,0,0,0,0,2,0,8,0,9.0,345,63,5.476190476190476
1,1,2,0,0,1,0,0,1,1,0,0,0,0,1,0,0,0,1.0,106,21,5.0476190476190474
1,2,37,3,1,0,1,0,1,0,2,2,0,0,1,0,0,0,3.0,1537,272,5.650735294117647
1,3,2,0,1,0,1,0,1,1,2,2,2,0,1,0,0,0,3.0,519,108,4.805555555555555
1,1,2,0,1,0,1,1,0,0,0,0,0,0,1,0,0,0,1.0,16,3,5.333333333333333
1,60,9,0,1,0,0,0,0,1,1,2,2,0,1,0,0,0,1.0,461,94,4.904255319148936
0,1,1,0,1,5,2,0,0,1,0,2,0,0,1,0,7,0,10.0,321,57,5.631578947368421
0,6,1,0,0,3,0,0,1,1,2,2,2,0,1,120,0,1,5.0,698,128,5.453125
0,1,3,0,2,0,5,1,1,0,0,2,0,0,4,0,7,0,4.0,215,36,5.972222222222222
0,1,12,0,0,0,0,0,0,0,0,0,0,0,1,0,10,0,1.0,98,19,5.157894736842105
0,1,3,0,0,0,0,0,1,0,0,2,0,0,1,0,1,0,4.0,813,158,5.1455696202531644
1,2,2,3,2,0,1,2,0,0,0,2,0,0,2,0,1,0,1.0,37,7,5.285714285714286
1,1,2,0,2,0,4,1,1,0,1,1,1,0,2,0,3,0,1.0,55,12,4.583333333333333
1,3,2,0,0,0,0,0,1,0,2,2,0,0,1,0,0,0,1.0,817,168,4.863095238095238
1,1,2,0,1,0,1,0,1,0,2,2,0,0,1,0,0,0,6.0,137,23,5.956521739130435
1,2,2,0,1,0,1,1,0,0,0,0,0,0,5,0,0,0,16.0,330,60,5.5
1,1,2,3,1,1,2,0,1,1,2,2,0,0,1,0,0,0,1.0,12,2,6.0
1,10,14,35,1,0,0,0,1,1,2,2,0,0,1,0,0,0,2.0,280,51,5.490196078431373
0,4,3,0,0,0,6,1,0,0,2,2,0,0,2,40,1,0,5.0,28,4,7.0
1,4,43,3,0,0,1,5,2,1,0,2,0,0,1,0,0,0,12.0,1160,215,5.395348837209302
1,2,2,0,0,0,1,0,1,0,2,2,0,0,1,0,0,2,4.0,696,136,5.117647058823529
1,1,2,0,2,0,1,1,1,0,1,1,1,0,5,0,0,0,15.0,1,1,1.0
1,2,37,3,1,1,2,0,1,0,1,1,0,0,1,0,0,0,4.0,118,21,5.619047619047619
1,5,2,0,1,0,2,0,1,0,2,2,2,0,1,100,5,0,5.0,6664,1257,5.30151153540175
1,3,2,0,1,1,2,0,1,1,2,2,2,0,1,0,1,0,12.0,92,16,5.75
1,3,2,0,1,1,4,0,1,0,2,2,0,0,1,0,0,0,3.0,258,50,5.16
1,24,2,0,1,1,2,0,2,1,1,1,1,0,1,0,3,0,3.0,194,36,5.388888888888889
1,1,2,3,1,0,1,1,1,0,0,0,0,0,1,0,0,0,8.0,720,132,5.454545454545454
0,12,3,0,2,0,5,1,2,0,2,2,2,0,5,0,1,0,5.0,199,32,6.21875
0,24,3,0,1,0,5,3,2,0,2,2,2,0,2,0,0,6,11.0,1185,224,5.290178571428571
0,1,1,0,1,0,0,0,0,1,0,2,0,0,1,0,7,0,10.0,321,57,5.631578947368421
0,2,36,6,1,0,1,3,0,1,0,0,0,0,3,0,1,0,7.0,786,149,5.275167785234899
1,36,5,3,1,1,0,0,1,1,0,2,2,0,1,0,0,0,7.0,471,88,5.3522727272727275
1,1,2,0,1,2,2,0,1,1,1,1,1,0,2,0,6,0,1.0,89,15,5.933333333333334
0,1,4,9,0,0,1,1,1,2,0,0,0,0,3,0,0,0,5.0,88,19,4.631578947368421
0,1,0,0,2,4,3,1,1,1,1,1,0,0,5,0,0,0,2.0,304,54,5.62962962962963
1,0,2,0,2,1,4,0,1,0,0,0,0,0,10,0,0,0,13.0,1133,219,5.17351598173516
1,60,51,0,0,1,2,0,0,2,2,2,2,0,1,150,0,0,2.0,540,105,5.142857142857143
1,7,2,0,1,6,0,0,1,0,2,2,2,0,1,100,1,0,10.0,146,23,6.3478260869565215
0,1,3,6,1,5,2,0,0,1,0,0,0,0,1,0,0,0,4.0,158,32,4.9375
1,3,2,0,0,0,1,0,1,0,2,2,0,0,1,0,0,0,2.0,45,10,4.5
0,1,3,0,1,0,5,1,0,0,0,0,0,0,1,0,1,0,1.0,28,7,4.0
1,60,28,0,0,0,1,1,1,1,0,2,0,1,1,0,1,0,5.0,1392,285,4.88421052631579
1,2,2,0,2,1,2,0,1,0,0,2,0,0,2,0,0,0,5.0,380,75,5.066666666666666
0,2,3,0,0,0,0,0,0,0,0,2,0,0,1,0,1,0,5.0,104,19,5.473684210526316
0,3,3,0,2,0,3,1,0,0,2,2,1,1,3,0,0,0,5.0,283,52,5.4423076923076925
0,1,1,16,2,1,5,3,0,1,0,0,0,0,5,0,0,0,2.0,171,32,5.34375
1,3,2,0,0,0,2,0,1,0,1,1,0,0,1,0,0,0,2.0,91,16,5.6875
1,1,2,0,1,1,0,0,1,0,0,0,0,0,1,0,0,0,2.0,193,38,5.078947368421052
0,6,1,0,1,1,5,1,0,1,2,2,2,0,1,0,1,0,2.0,34,7,4.857142857142857
0,5,1,0,1,1,0,0,1,1,0,0,0,0,1,0,1,0,5.0,174,31,5.612903225806452
1,5,2,35,0,0,0,0,1,1,0,2,0,0,1,0,0,0,13.0,252,43,5.8604651162790695
1,60,28,0,0,1,0,0,1,0,1,1,2,0,1,300,1,0,4.0,162,31,5.225806451612903
1,2,2,0,0,1,2,0,1,1,2,2,0,0,1,0,0,0,1.0,195,37,5.27027027027027
0,1,3,0,1,0,5,1,0,0,0,0,0,0,1,0,0,0,4.0,161,24,6.708333333333333
0,3,3,0,0,0,1,0,1,0,0,2,0,0,1,0,0,0,4.0,420,74,5.675675675675675
0,1,1,6,2,0,5,1,0,1,0,0,0,0,6,0,2,0,1.0,398,75,5.306666666666667
0,4,1,26,0,4,4,1,1,1,2,2,0,0,2,0,1,0,11.0,944,186,5.075268817204301
1,2,2,0,2,1,5,0,1,1,2,2,1,0,2,0,9,0,2.0,240,42,5.714285714285714
1,1,2,0,1,1,2,0,1,0,0,0,0,0,1,0,2,1,8.0,698,132,5.287878787878788
0,6,60,0,0,0,3,1,0,0,2,2,2,0,1,0,0,0,3.0,219,43,5.093023255813954
1,4,2,0,0,1,6,0,1,0,2,2,0,0,1,150,1,0,8.0,506,89,5.685393258426966
1,2,2,3,2,0,1,1,2,0,0,0,0,0,6,0,0,1,5.0,265,53,5.0
0,14,12,0,1,0,3,1,1,1,2,1,1,0,1,0,0,0,1.0,247,50,4.94
0,5,3,0,0,6,0,0,1,0,2,2,2,1,1,100,1,0,1.0,199,34,5.852941176470588
1,24,28,0,0,0,1,1,1,0,2,2,2,0,1,300,0,0,1.0,330,61,5.409836065573771
1,2,2,0,0,0,1,0,0,0,1,1,1,1,1,0,1,0,4.0,696,130,5.3538461538461535
0,4,3,0,0,6,0,0,0,0,0,2,0,0,1,0,0,2,4.0,232,44,5.2727272727272725
0,7,3,0,1,0,1,3,1,0,0,0,0,0,1,1,0,0,1.0,220,39,5.641025641025641
0,1,64,9,0,2,0,0,1,0,0,2,0,0,1,0,0,0,6.0,1065,189,5.634920634920635
1,12,2,0,0,0,6,1,1,1,0,0,2,0,1,0,0,0,11.0,1194,209,5.712918660287081
0,2,1,0,2,4,4,1,1,1,1,1,1,0,5,0,3,1,18.0,758,139,5.453237410071942
1,2,48,0,1,0,2,0,0,0,1,1,1,0,1,100,3,0,1.0,40,7,5.714285714285714
1,36,18,0,1,1,4,0,2,1,1,1,2,0,1,0,0,0,3.0,299,61,4.901639344262295
1,3,2,3,0,2,3,0,1,1,0,0,0,0,1,0,0,0,1.0,150,28,5.357142857142857
0,1,3,0,1,0,0,0,1,0,0,0,0,0,1,0,0,0,1.0,164,34,4.823529411764706
1,3,2,0,1,1,2,0,1,0,2,2,2,0,1,0,1,0,6.0,130,21,6.190476190476191
0,8,3,0,2,0,1,0,1,0,0,0,0,0,3,50,0,0,14.0,242,52,4.653846153846154
1,1,2,0,0,0,1,0,1,0,0,2,0,0,1,0,1,1,6.0,574,108,5.314814814814815
0,2,3,0,0,4,5,0,0,0,0,0,0,1,1,0,0,0,15.0,330,56,5.892857142857143
1,4,2,0,1,2,2,0,1,0,2,2,2,0,1,0,2,0,5.0,365,66,5.53030303030303
0,6,3,0,1,0,1,1,1,0,0,2,2,0,1,0,1,0,7.0,380,76,5.0
1,60,34,0,1,2,0,0,0,1,2,2,2,0,1,0,0,0,3.0,399,72,5.541666666666667
1,12,20,0,1,4,0,0,1,1,2,2,2,0,1,0,0,0,3.0,132,24,5.5
1,1,22,3,0,0,4,0,1,0,0,0,0,0,1,0,0,0,5.0,485,90,5.388888888888889
0,3,3,0,2,0,3,1,1,1,0,2,0,0,2,0,1,0,8.0,581,105,5.533333333333333
1,27,34,0,1,0,2,0,1,1,2,2,0,0,1,200,0,0,2.0,691,147,4.700680272108843
0,1,3,0,2,1,4,1,0,0,0,0,0,0,3,0,0,0,3.0,143,25,5.72
0,12,3,0,0,1,3,1,1,0,0,2,2,0,1,0,1,0,5.0,581,105,5.533333333333333
1,2,2,3,0,1,0,0,1,1,2,2,0,0,1,0,0,0,1.0,12,2,6.0
1,2,2,0,1,0,2,0,1,0,0,2,0,0,1,0,3,0,5.0,347,60,5.783333333333333
1,1,5,3,1,0,1,0,1,1,2,1,0,0,1,0,0,0,3.0,124,22,5.636363636363637
1,2,13,3,1,1,2,0,1,0,0,2,0,0,1,0,0,0,1.0,420,79,5.3164556962025316
1,3,2,0,1,0,1,1,1,0,0,0,0,0,4,0,1,0,4.0,578,97,5.958762886597938
1,12,2,0,1,1,0,0,1,1,1,1,1,0,1,0,1,0,3.0,576,99,5.818181818181818
1,1,2,0,1,1,2,0,1,1,0,0,0,0,1,0,1,0,11.0,124,22,5.636363636363637
1,96,2,0,0,0,0,0,1,0,0,0,0,0,1,0,3,0,2.0,542,103,5.262135922330097
1,2,2,36,1,0,1,0,2,0,0,2,0,0,1,0,0,0,4.0,220,43,5.116279069767442
1,5,2,0,0,1,6,1,1,0,1,1,1,0,1,0,1,0,9.0,777,144,5.395833333333333
0,9,3,0,1,4,2,0,0,0,1,1,0,0,1,1,0,0,2.0,23,1,23.0
0,2,1,0,2,2,3,1,1,1,1,1,1,0,2,0,0,0,4.0,257,46,5.586956521739131
1,6,2,0,1,1,2,0,1,0,2,2,0,0,1,0,0,0,1.0,214,44,4.863636363636363
0,12,3,0,0,1,4,0,1,0,0,0,0,0,1,50,1,0,1.0,143,29,4.931034482758621
0,7,3,0,0,0,0,0,1,0,0,0,0,0,1,0,0,0,3.0,121,21,5.761904761904762
0,2,3,0,1,0,1,4,1,0,0,2,1,0,1,0,0,0,4.0,154,27,5.703703703703703
1,4,2,0,1,6,2,0,1,0,1,2,1,0,1,0,9,0,1.0,102,20,5.1
1,60,34,0,0,2,2,0,0,1,1,1,1,0,1,0,0,0,5.0,151,30,5.033333333333333
0,2,3,0,1,0,5,1,1,0,0,0,0,0,2,0,5,0,2.0,134,28,4.785714285714286
1,4,2,0,1,2,2,0,1,0,1,1,0,0,1,0,0,0,1.0,249,50,4.98
1,6,2,31,1,0,2,0,1,1,0,2,2,0,1,100,1,0,3.0,23,5,4.6
0,4,10,6,1,0,4,1,1,1,2,1,0,0,1,0,0,0,3.0,791,159,4.9748427672955975
1,48,13,0,0,1,2,0,1,2,1,1,1,0,1,0,0,0,1.0,522,98,5.326530612244898
1,2,25,3,1,0,1,0,1,1,2,2,0,0,1,0,0,0,5.0,161,26,6.1923076923076925
1,1,2,0,2,0,1,1,1,0,1,1,1,0,11,0,5,0,1.0,46,10,4.6
0,2,29,0,1,0,0,0,1,1,0,2,0,0,1,0,0,0,1.0,38,6,6.333333333333333
1,1,2,0,1,0,1,0,1,1,0,0,0,0,2,0,0,0,2.0,374,66,5.666666666666667
1,3,2,0,2,0,0,0,1,1,2,2,0,0,2,0,0,0,2.0,273,46,5.934782608695652
1,1,13,3,1,0,1,1,1,0,0,2,0,0,1,100,0,0,6.0,358,60,5.966666666666667
1,4,23,3,0,0,1,0,1,0,2,0,0,0,1,0,0,0,5.0,671,123,5.455284552845528
0,5,3,0,2,3,0,0,0,0,2,2,2,0,2,0,1,0,5.0,30,5,6.0
0,1,3,9,1,0,1,1,0,0,0,0,0,0,1,50,0,0,5.0,154,26,5.923076923076923
1,4,2,7,1,4,0,0,0,0,2,2,1,0,1,0,1,0,4.0,549,105,5.228571428571429
0,2,3,23,1,1,2,0,0,0,0,0,0,0,1,0,0,0,4.0,103,19,5.421052631578948
1,6,2,0,0,2,2,0,1,0,2,2,0,0,1,0,3,0,1.0,115,22,5.2272727272727275
1,3,2,3,0,1,0,0,1,1,0,2,0,0,1,0,0,0,5.0,14,3,4.666666666666667
1,12,2,3,0,0,1,1,1,1,0,0,0,0,1,0,12,0,7.0,703,124,5.669354838709677
0,7,77,9,0,5,2,0,1,0,2,2,0,0,2,0,0,1,5.0,1014,211,4.805687203791469
0,5,3,0,0,6,2,0,1,0,2,2,2,0,1,100,0,0,30.0,981,174,5.637931034482759
0,3,3,0,1,6,0,0,2,1,0,0,1,0,1,100,0,0,2.0,586,122,4.80327868852459
1,24,2,0,1,0,2,0,1,1,1,1,1,0,1,0,1,0,2.0,575,100,5.75
0,3,3,0,0,0,3,1,1,0,0,0,0,0,1,0,0,0,5.0,141,24,5.875
1,4,2,0,0,5,2,0,1,0,2,2,0,0,1,0,0,0,1.0,96,18,5.333333333333333
1,1,2,55,2,2,2,0,1,0,1,1,1,0,2,0,0,0,4.0,131,24,5.458333333333333
1,3,2,0,0,0,0,0,1,0,2,2,0,0,1,0,0,2,15.0,345,52,6.634615384615385
1,10,9,7,1,0,1,0,1,1,2,1,1,0,1,0,0,0,3.0,49,9,5.444444444444445
0,19,1,6,1,0,5,1,2,1,2,1,2,0,1,0,0,0,0.0,219,42,5.214285714285714
1,2,2,4,0,0,1,1,1,0,2,2,0,0,1,0,0,0,7.0,308,52,5.923076923076923
1,1,2,0,1,0,2,0,0,0,2,2,1,0,2,50,1,0,1.0,74,13,5.6923076923076925
0,3,40,0,1,3,2,0,0,0,0,2,0,0,1,0,1,0,2.0,16,4,4.0
1,0,2,0,1,0,1,1,1,1,2,2,2,0,1,0,1,0,1.0,139,23,6.043478260869565
1,24,2,0,1,2,2,0,1,1,2,2,2,0,1,100,0,0,1.0,116,23,5.043478260869565
0,3,3,0,1,0,2,0,1,0,0,2,0,0,1,0,0,0,3.0,121,23,5.260869565217392
0,2,1,0,2,0,1,3,1,1,0,0,0,0,4,0,0,0,3.0,397,78,5.089743589743589
1,24,20,11,1,4,0,0,1,0,1,1,1,0,1,0,1,0,3.0,31,5,6.2
1,4,23,31,0,1,2,0,0,1,1,1,1,0,1,150,0,0,0.0,5,1,5.0
0,4,3,0,1,0,6,0,0,0,0,0,0,0,1,0,1,0,1.0,18,3,6.0
0,3,3,9,1,4,4,1,1,0,0,0,0,0,1,0,3,0,4.0,186,38,4.894736842105263
1,6,2,0,1,0,0,0,1,0,2,2,2,0,1,0,1,0,2.0,519,111,4.675675675675675
0,1,1,0,1,0,3,0,1,0,0,2,0,0,1,0,0,0,5.0,486,84,5.785714285714286
1,3,2,0,1,1,4,0,1,1,2,2,2,0,3,0,1,0,5.0,106,18,5.888888888888889
1,3,2,3,1,0,1,0,1,0,0,0,0,0,1,0,5,0,5.0,137,28,4.892857142857143
1,2,2,3,1,1,2,0,1,0,0,0,0,0,1,0,0,0,3.0,186,37,5.027027027027027
0,2,1,0,0,5,2,0,1,1,0,0,0,0,1,0,1,0,3.0,260,48,5.416666666666667
1,65,83,0,1,5,2,0,0,1,2,2,1,0,1,0,1,0,1.0,377,77,4.896103896103896
0,1,95,0,2,0,6,1,0,0,0,2,0,0,5,0,1,0,1.0,20,3,6.666666666666667
0,5,3,26,0,0,1,1,1,0,2,2,2,0,1,0,0,0,1.0,165,32,5.15625
1,8,2,0,0,6,0,0,2,0,0,0,0,0,1,0,5,0,1.0,912,175,5.211428571428572
1,12,2,0,1,2,0,0,1,0,0,0,2,0,1,0,0,0,8.0,453,81,5.592592592592593
0,24,7,0,0,4,5,2,2,2,1,1,1,0,1,0,1,0,1.0,331,65,5.092307692307692
0,3,7,20,1,0,1,5,1,1,0,0,0,0,3,0,1,0,3.0,276,48,5.75
1,24,2,0,0,0,1,0,1,0,2,2,2,0,1,0,1,0,7.0,931,162,5.746913580246914
0,3,4,0,1,0,1,3,1,1,0,0,1,0,3,0,0,0,5.0,20,3,6.666666666666667
0,5,0,1,1,6,2,0,2,2,0,2,0,0,1,0,0,0,1.0,188,36,5.222222222222222
0,1,3,0,0,4,5,1,1,0,0,0,0,0,1,0,1,0,5.0,396,72,5.5
1,6,53,0,1,1,2,0,0,0,2,2,0,0,1,500,1,0,1.0,64,11,5.818181818181818
0,3,1,0,2,0,3,1,1,1,0,2,0,0,6,0,0,0,4.0,155,26,5.961538461538462
0,5,3,0,1,1,3,1,1,0,1,1,1,0,1,0,0,0,5.0,812,151,5.377483443708609
1,24,14,0,1,0,2,0,2,0,1,2,2,0,1,0,1,0,2.0,327,61,5.360655737704918
1,8,2,0,0,0,0,0,1,1,0,0,0,0,1,0,0,0,2.0,60,10,6.0
1,15,2,0,0,1,5,0,1,0,1,1,1,0,1,0,0,0,4.0,74,14,5.285714285714286
0,1,3,0,0,4,3,1,1,0,0,2,0,0,1,0,0,0,14.0,815,147,5.54421768707483
0,3,1,0,2,0,3,0,1,1,0,0,0,0,2,0,1,0,5.0,150,27,5.555555555555555
1,3,2,0,0,0,1,0,1,0,1,1,1,0,1,0,0,0,4.0,290,54,5.37037037037037
1,2,2,0,1,1,2,0,1,0,0,0,0,0,1,20,3,0,1.0,122,21,5.809523809523809
0,3,3,0,1,6,0,0,1,0,0,2,0,0,1,0,0,0,3.0,78,13,6.0
1,8,2,0,1,0,2,0,1,2,1,1,1,0,1,0,0,0,5.0,368,71,5.183098591549296
0,6,3,0,2,0,3,1,1,0,0,2,2,0,4,0,1,0,5.0,294,56,5.25
0,12,3,0,1,0,0,0,1,0,2,2,2,0,1,0,1,0,5.0,107,20,5.35
1,3,2,0,1,0,1,0,1,0,2,2,2,0,1,0,1,0,5.0,220,44,5.0
0,3,3,0,1,0,3,1,1,0,0,2,0,0,1,0,0,0,2.0,361,62,5.82258064516129
0,9,3,0,1,0,0,0,1,0,2,2,0,0,1,0,0,0,4.0,108,19,5.684210526315789
1,8,2,3,0,1,6,4,1,1,2,2,1,0,1,0,0,0,5.0,428,79,5.417721518987341
1,1,2,0,0,1,0,0,1,0,0,0,0,0,1,0,0,0,2.0,943,175,5.388571428571429
0,4,3,0,1,3,0,0,0,0,2,2,0,0,1,0,1,0,6.0,470,92,5.108695652173913
1,36,19,0,1,3,0,0,1,1,2,2,2,0,3,350,10,0,5.0,257,47,5.468085106382978
1,3,5,21,1,0,3,0,1,1,2,2,2,0,1,300,1,0,9.0,299,43,6.953488372093023
0,2,7,1,1,6,0,0,1,2,0,2,0,0,1,600,0,0,7.0,255,52,4.903846153846154
1,2,2,0,0,0,1,0,1,0,2,2,0,0,1,0,0,0,10.0,475,84,5.654761904761905
1,2,2,0,0,1,6,0,1,1,0,2,0,0,1,50,0,0,5.0,771,154,5.0064935064935066
0,55,3,0,0,6,0,0,2,0,2,2,2,0,3,0,0,0,6.0,227,36,6.305555555555555
0,24,3,0,1,5,2,0,1,0,2,2,2,0,1,100,1,0,2.0,314,59,5.322033898305085
1,2,2,0,1,1,2,0,1,0,0,2,0,0,1,5,3,0,1.0,163,24,6.791666666666667
1,2,2,0,2,1,0,0,1,0,0,0,0,0,4,0,1,0,1.0,70,13,5.384615384615385
0,5,64,9,0,3,2,0,1,0,2,2,2,0,1,150,0,0,3.0,47,8,5.875
0,5,61,8,0,0,0,0,2,1,0,2,0,0,1,50,0,0,5.0,369,60,6.15
1,4,2,0,1,1,2,0,1,0,2,2,0,0,1,0,0,0,7.0,77,16,4.8125
1,2,2,3,1,1,2,0,0,0,1,1,1,0,1,0,0,0,2.0,20,3,6.666666666666667
0,0,3,0,2,0,1,1,2,0,0,0,0,0,6,0,1,0,2.0,412,71,5.802816901408451
1,1,20,3,1,6,2,0,1,1,2,2,0,0,1,0,1,0,10.0,165,29,5.689655172413793
0,6,10,0,1,1,2,0,1,0,0,2,0,0,1,100,1,0,3.0,257,60,4.283333333333333
0,1,1,0,1,6,2,0,0,1,0,0,0,0,1,0,0,0,1.0,11,2,5.5
1,2,2,0,0,0,2,0,1,0,0,2,0,0,1,0,0,0,3.0,287,53,5.415094339622642
1,2,106,3,1,0,1,0,1,0,0,0,0,0,1,0,1,0,4.0,93,18,5.166666666666667
1,2,2,0,0,0,2,0,1,0,1,1,1,0,1,0,1,0,3.0,844,168,5.023809523809524
1,24,2,0,1,5,2,0,1,0,1,1,1,0,1,0,1,0,2.0,535,99,5.404040404040404
0,17,1,0,1,5,2,0,2,1,1,1,0,0,1,25,5,0,2.0,88,15,5.866666666666666
0,72,3,0,1,0,0,0,0,0,2,2,2,0,1,0,5,0,1.0,75,15,5.0
1,21,23,30,0,0,0,0,2,1,2,2,2,0,1,0,3,0,1.0,33,6,5.5
1,2,2,3,2,0,1,1,1,0,0,0,0,0,6,0,0,0,5.0,200,37,5.405405405405405
1,1,2,0,1,1,2,0,1,0,2,2,0,0,3,0,0,0,7.0,793,138,5.746376811594203
0,6,3,9,2,3,0,0,1,0,0,0,0,0,2,0,0,0,5.0,335,65,5.153846153846154
1,2,2,0,1,0,1,1,1,0,2,2,0,0,3,0,0,0,4.0,20,3,6.666666666666667
1,2,2,0,0,1,2,0,1,1,2,2,0,0,1,0,1,0,4.0,177,34,5.205882352941177
1,5,2,0,1,0,0,0,1,2,2,2,0,0,2,1,0,0,2.0,47,9,5.222222222222222
0,3,3,0,0,0,3,0,0,0,2,2,1,0,1,0,1,0,8.0,130,20,6.5
0,12,4,0,1,3,0,0,1,1,2,2,0,0,1,0,0,0,3.0,194,40,4.85
1,5,2,0,1,1,6,0,0,0,2,2,2,0,1,0,1,0,2.0,1292,249,5.188755020080321
1,3,2,0,0,0,1,1,1,0,2,2,0,0,1,50,0,0,4.0,1067,183,5.830601092896175
0,3,1,0,0,3,2,0,1,1,0,0,0,0,1,0,2,0,1.0,50,7,7.142857142857143
0,6,26,0,2,0,1,3,0,1,0,0,0,0,5,0,2,0,1.0,188,32,5.875
1,2,2,3,1,1,2,0,1,0,1,2,0,0,1,0,1,0,4.0,153,27,5.666666666666667
0,9,1,0,1,5,2,0,1,1,2,2,2,0,2,0,0,0,1.0,32,7,4.571428571428571
0,12,94,0,1,0,6,1,0,0,1,1,0,0,2,0,1,0,3.0,880,155,5.67741935483871
0,3,3,0,0,0,0,0,1,0,0,0,0,0,1,15,0,0,4.0,214,48,4.458333333333333
0,12,1,9,2,0,1,1,1,1,0,0,1,0,3,0,0,0,8.0,300,53,5.660377358490566
1,2,2,0,1,2,2,0,1,0,2,0,0,0,1,0,0,0,2.0,971,171,5.678362573099415
1,24,2,68,0,5,2,0,1,0,0,0,0,0,1,0,0,0,4.0,442,83,5.325301204819277
0,1,3,0,0,0,0,0,1,1,0,0,0,0,1,30,0,0,2.0,239,51,4.686274509803922
1,72,74,0,1,1,3,0,1,1,2,2,2,0,1,0,0,0,4.0,204,42,4.857142857142857
1,2,2,0,0,0,1,1,0,0,2,2,0,0,1,0,0,0,3.0,91,16,5.6875
0,5,30,0,0,5,2,0,1,0,2,2,0,0,1,0,3,0,1.0,223,46,4.8478260869565215
0,2,3,0,0,0,5,1,1,0,0,0,0,0,1,50,0,0,4.0,279,47,5.9361702127659575
1,36,34,0,1,2,2,0,0,2,1,1,0,0,1,0,0,0,0.0,225,51,4.411764705882353
0,3,3,9,1,0,3,0,1,0,2,2,0,0,1,0,0,0,19.0,1008,204,4.9411764705882355
1,14,2,0,1,0,1,1,1,1,0,0,0,0,1,0,2,0,2.0,543,123,4.414634146341464
0,6,1,0,1,1,3,1,1,2,1,1,1,0,1,0,1,0,6.0,248,36,6.888888888888889
0,12,1,6,0,6,2,0,1,2,0,0,0,0,1,0,2,0,5.0,211,33,6.393939393939394
0,2,3,0,1,0,1,4,0,0,0,0,0,0,1,0,0,0,13.0,313,55,5.6909090909090905
1,2,2,0,1,0,2,0,1,0,2,2,0,0,1,0,0,0,3.0,757,131,5.778625954198473
1,60,13,3,0,0,0,0,0,1,2,2,2,0,1,0,1,0,2.0,2224,438,5.077625570776256
0,4,3,0,0,0,3,0,3,1,0,0,0,0,1,0,1,0,6.0,1,1,1.0
0,6,3,0,1,6,0,0,1,2,0,0,0,0,1,0,1,0,1.0,72,14,5.142857142857143
0,3,7,9,2,3,0,0,1,1,0,0,0,0,2,0,0,0,2.0,966,187,5.165775401069519
0,7,24,0,1,0,5,1,1,1,2,2,2,0,1,0,5,0,5.0,633,126,5.023809523809524
1,2,2,3,2,1,2,0,1,1,0,2,0,0,16,0,0,0,30.0,346,66,5.242424242424242
1,54,9,0,1,4,2,0,0,1,1,1,2,0,1,350,0,0,1.0,219,47,4.659574468085107
1,2,2,3,1,2,2,0,1,1,0,2,0,0,1,0,0,0,5.0,12,2,6.0
1,48,20,0,1,4,5,2,1,1,1,2,1,0,1,0,0,0,3.0,246,51,4.823529411764706
1,24,9,7,1,4,4,0,0,2,2,2,0,0,1,0,0,0,1.0,550,109,5.045871559633028
1,24,14,3,0,0,1,0,1,1,1,1,1,0,1,0,0,0,1.0,135,21,6.428571428571429
0,2,3,6,1,1,6,1,1,0,1,1,1,0,1,0,0,0,3.0,126,22,5.7272727272727275
1,5,25,3,1,0,1,0,1,1,2,2,2,0,1,0,0,0,5.0,202,40,5.05
1,1,2,3,2,0,1,0,1,0,0,0,0,0,7,0,2,0,4.0,424,72,5.888888888888889
1,15,72,0,1,5,2,0,2,1,2,2,1,0,1,150,0,0,2.0,717,139,5.158273381294964
0,18,4,0,1,0,2,0,2,2,2,2,0,0,1,300,0,0,2.0,295,49,6.020408163265306
1,48,2,0,1,2,2,0,1,0,2,2,2,0,1,0,1,0,4.0,339,61,5.557377049180328
0,1,1,0,2,0,3,1,0,1,0,0,0,0,2,0,1,0,4.0,43,7,6.142857142857143
1,2,2,0,1,2,2,0,1,0,0,0,0,0,1,0,1,0,1.0,257,47,5.468085106382978
1,2,2,7,0,1,0,0,1,1,2,2,0,0,1,0,0,0,3.0,398,76,5.2368421052631575
1,1,2,0,1,0,0,0,2,0,0,0,0,0,1,0,1,0,1.0,222,46,4.826086956521739
1,48,25,0,1,1,2,0,2,0,2,2,2,0,1,100,0,0,2.0,521,103,5.058252427184466
1,1,2,0,0,0,1,0,1,1,1,1,0,0,1,0,0,0,3.0,88,16,5.5
1,2,2,0,0,0,2,0,1,0,0,2,0,0,1,0,0,0,4.0,63,12,5.25
0,6,10,0,0,1,4,0,0,1,0,2,2,0,1,0,0,0,5.0,87,12,7.25
1,1,2,0,0,1,2,0,2,1,1,2,0,0,1,0,0,0,4.0,115,20,5.75
1,2,2,0,1,0,0,0,1,1,2,2,0,0,1,0,0,0,3.0,241,39,6.17948717948718
1,5,2,3,2,0,4,1,1,0,2,2,0,0,2,0,0,0,5.0,440,85,5.176470588235294
1,3,14,76,1,1,0,0,2,0,2,2,0,0,1,0,0,0,5.0,135,23,5.869565217391305
0,0,3,0,2,0,3,1,0,0,1,1,1,0,4,0,1,0,5.0,359,65,5.523076923076923
0,4,3,0,1,1,6,3,0,0,0,0,0,0,1,0,0,0,4.0,148,24,6.166666666666667
1,5,2,0,2,4,2,0,1,0,2,2,0,0,2,0,1,1,6.0,50,11,4.545454545454546
1,36,8,0,1,0,1,0,1,0,0,2,2,0,1,0,1,0,2.0,182,34,5.352941176470588
0,10,36,0,0,0,6,0,0,0,2,2,2,0,1,0,3,0,3.0,356,60,5.933333333333334
0,2,26,0,2,0,1,1,1,0,0,2,0,0,3,0,1,0,5.0,92,13,7.076923076923077
0,6,7,1,1,4,3,1,0,2,2,2,0,0,2,750,1,0,4.0,396,72,5.5
0,2,3,0,0,0,0,0,1,0,0,0,0,0,1,0,1,0,6.0,413,74,5.581081081081081
0,8,36,0,0,4,2,0,1,1,1,1,1,0,1,0,0,0,1.0,47,8,5.875
1,3,106,3,0,0,1,1,1,1,0,2,0,0,1,0,0,0,5.0,220,41,5.365853658536586
0,1,46,47,1,0,0,0,0,0,0,0,0,0,1,0,1,0,1.0,476,92,5.173913043478261
0,4,0,0,0,6,0,0,1,0,2,2,1,0,1,0,0,0,2.0,55,8,6.875
1,1,2,0,1,0,1,0,1,0,0,2,0,0,1,0,8,0,2.0,683,135,5.059259259259259
1,3,2,31,0,0,2,0,1,1,2,2,0,0,1,0,0,0,5.0,14,3,4.666666666666667
0,4,3,0,1,4,3,0,1,0,0,0,0,0,2,0,3,0,3.0,460,79,5.822784810126582
1,6,20,0,1,4,2,0,2,2,0,0,0,0,1,0,6,1,5.0,1411,270,5.225925925925926
0,24,4,0,0,5,2,0,2,2,0,0,0,0,1,0,0,0,2.0,124,22,5.636363636363637
1,1,2,0,1,0,1,0,1,0,0,0,0,0,1,0,0,0,9.0,187,31,6.032258064516129
1,2,2,0,0,1,2,0,1,0,2,2,0,0,1,0,0,0,3.0,243,52,4.673076923076923
0,2,3,0,1,0,4,1,1,0,0,2,0,0,1,0,1,0,1.0,36,5,7.2
1,84,2,0,1,0,2,0,1,1,2,2,2,0,1,0,0,0,1.0,38,8,4.75
0,12,1,0,0,3,0,0,0,1,1,1,1,1,1,1,1,0,5.0,459,93,4.935483870967742
1,6,2,0,2,1,6,0,1,0,2,2,2,0,2,0,0,0,8.0,201,30,6.7
1,1,118,7,2,3,2,0,1,1,0,1,0,0,7,250,1,0,1.0,236,36,6.555555555555555
0,4,3,0,1,2,3,0,1,0,1,1,0,0,1,50,0,0,1.0,699,128,5.4609375
0,2,3,0,0,6,0,0,0,0,0,2,0,0,1,0,1,0,5.0,396,79,5.012658227848101
0,15,3,0,0,0,0,0,1,0,2,2,2,0,1,0,0,0,1.0,75,15,5.0
0,3,3,0,1,0,0,0,0,0,2,2,0,0,1,0,1,0,3.0,11,2,5.5
1,1,2,0,1,0,2,0,1,1,0,0,0,0,1,0,1,0,5.0,112,19,5.894736842105263
0,1,3,0,0,0,3,0,1,0,0,0,0,0,1,50,0,0,4.0,814,156,5.217948717948718
1,84,20,0,1,4,0,0,1,2,2,2,0,0,1,0,3,0,2.0,107,17,6.294117647058823
0,4,3,6,0,0,0,0,1,1,2,2,0,0,1,0,3,0,3.0,748,126,5.936507936507937
0,3,0,0,1,0,1,1,0,0,2,2,0,0,1,0,1,0,3.0,499,97,5.144329896907217
1,2,2,3,2,0,1,1,1,1,2,2,0,0,3,0,0,0,20.0,345,52,6.634615384615385
0,6,12,0,0,6,0,0,0,0,0,0,0,0,1,0,1,0,3.0,627,121,5.181818181818182
0,1,85,0,0,0,1,1,1,1,0,0,0,1,1,0,0,0,3.0,61,13,4.6923076923076925
0,2,3,0,1,0,2,0,0,0,0,0,0,0,1,0,1,0,3.0,168,34,4.9411764705882355
1,21,63,0,0,0,1,2,0,0,0,0,0,0,1,500,0,0,1.0,153,26,5.884615384615385
1,36,19,0,0,5,2,0,0,0,2,2,0,0,1,0,1,0,1.0,39,8,4.875
1,2,23,3,1,0,1,0,1,1,1,1,0,0,1,0,0,0,3.0,132,22,6.0
0,54,3,0,0,4,5,1,1,0,2,2,2,0,1,0,1,0,2.0,362,62,5.838709677419355
1,36,51,3,1,1,2,0,0,1,1,1,1,0,1,0,3,0,1.0,187,34,5.5
1,2,2,0,1,2,2,0,1,0,0,0,0,0,1,0,0,0,8.0,894,154,5.805194805194805
0,2,3,20,0,0,1,0,0,1,0,0,0,0,1,0,5,0,2.0,268,50,5.36
1,36,98,0,1,1,2,0,1,1,2,2,0,0,1,0,0,0,2.0,264,39,6.769230769230769
1,6,20,0,0,4,2,0,2,2,2,2,0,0,1,0,0,0,1.0,160,22,7.2727272727272725
1,2,2,0,0,1,2,0,1,0,0,0,0,0,1,0,1,0,1.0,218,42,5.190476190476191
1,8,34,3,0,5,2,0,1,1,1,1,1,0,1,0,1,0,1.0,428,83,5.156626506024097
0,4,1,0,1,0,0,0,1,1,2,2,0,0,1,0,7,0,7.0,125,22,5.681818181818182
0,24,3,0,0,3,0,0,1,0,0,0,2,0,1,0,0,0,1.0,25,5,5.0
1,3,2,0,1,2,0,0,1,1,0,2,0,0,1,0,1,0,2.0,117,23,5.086956521739131
0,5,3,0,0,0,0,0,1,0,1,1,0,0,1,0,0,0,9.0,57,5,11.4
0,3,1,6,2,6,3,0,1,0,0,0,0,0,2,0,0,0,1.0,161,27,5.962962962962963
1,12,2,0,1,1,2,0,0,0,2,2,2,0,1,0,9,0,3.0,88,16,5.5
1,12,19,0,0,0,3,1,1,0,2,2,2,0,1,200,0,0,3.0,65,14,4.642857142857143
0,3,3,0,0,0,0,0,0,0,0,0,0,0,1,0,1,0,2.0,50,9,5.555555555555555
1,42,110,0,1,0,1,0,1,1,2,1,1,0,1,0,0,0,1.0,71,14,5.071428571428571
1,2,2,0,1,0,1,0,1,0,1,2,0,0,1,0,0,0,4.0,51,8,6.375
1,4,2,3,2,1,2,0,0,0,2,2,1,0,4,0,0,0,7.0,968,183,5.2896174863387975
0,26,3,0,2,0,1,1,0,0,0,0,2,0,4,0,0,0,12.0,204,40,5.1
0,18,46,8,1,4,3,1,1,0,0,2,2,0,1,0,7,0,3.0,937,180,5.205555555555556
1,5,2,3,1,0,1,0,1,1,0,0,0,0,1,0,3,0,13.0,169,31,5.451612903225806
0,7,7,46,0,0,0,0,1,2,0,2,0,0,1,350,0,1,5.0,697,131,5.320610687022901
1,1,2,0,2,1,4,1,1,1,0,0,0,0,3,0,0,0,4.0,193,34,5.676470588235294
1,84,5,7,0,1,4,0,0,1,1,2,0,0,1,0,0,0,5.0,74,14,5.285714285714286
0,5,10,0,0,2,3,1,1,0,1,1,0,0,1,250,0,0,5.0,282,59,4.779661016949152
1,2,2,0,0,1,4,0,1,0,0,2,0,0,1,0,3,0,1.0,307,52,5.903846153846154
1,1,2,0,1,0,0,0,1,1,0,0,0,0,1,0,3,0,2.0,137,20,6.85
1,2,2,0,0,1,6,0,1,1,0,2,0,0,1,50,0,0,3.0,771,154,5.0064935064935066
0,8,4,0,1,5,2,0,0,1,0,2,2,0,1,100,0,0,2.0,179,38,4.7105263157894735
1,2,2,0,1,1,2,0,1,1,2,2,0,0,1,0,0,0,1.0,217,43,5.046511627906977
0,5,3,0,1,2,0,0,1,0,0,2,0,0,1,0,1,0,4.0,399,70,5.7
0,4,1,0,1,6,0,0,1,1,0,0,0,0,1,100,4,0,2.0,252,43,5.8604651162790695
1,2,5,3,0,1,4,0,1,0,0,2,0,0,1,0,0,0,2.0,176,34,5.176470588235294
0,1,3,0,2,6,3,1,0,0,0,0,1,0,5,0,0,0,1.0,69,14,4.928571428571429
1,2,2,0,0,0,1,1,1,0,2,2,0,0,1,0,0,0,1.0,105,21,5.0
0,3,3,0,1,0,2,0,1,0,0,2,0,0,1,0,1,0,4.0,37,5,7.4
0,8,3,0,0,1,6,1,1,0,1,0,0,0,1,0,1,0,3.0,116,19,6.105263157894737
1,2,114,3,1,0,2,0,1,0,2,2,2,0,1,0,0,0,7.0,709,135,5.2518518518518515
1,2,2,0,0,0,1,1,1,0,0,2,0,0,1,0,1,0,3.0,372,74,5.027027027027027
0,1,3,6,1,2,2,0,1,0,0,0,0,0,1,0,1,0,1.0,245,52,4.711538461538462
1,2,2,3,1,1,0,0,1,0,2,2,1,0,1,50,0,0,3.0,195,38,5.131578947368421
1,36,20,0,1,4,2,0,2,1,2,2,0,0,1,0,0,0,1.0,628,120,5.233333333333333
0,4,1,6,0,0,0,0,0,1,0,2,0,0,1,50,0,0,3.0,183,28,6.535714285714286
0,48,78,0,1,6,4,3,1,1,1,2,2,0,6,0,0,0,4.0,290,59,4.915254237288136
0,3,3,0,1,0,0,0,1,1,0,0,0,0,1,0,0,1,4.0,526,95,5.536842105263158
0,12,3,9,2,0,1,4,0,0,0,0,0,0,3,0,0,0,14.0,566,112,5.053571428571429
1,8,28,3,0,0,1,1,1,0,2,2,2,0,1,0,0,0,3.0,454,86,5.27906976744186
0,3,3,0,2,0,4,1,0,0,0,0,0,0,2,0,1,0,4.0,312,58,5.379310344827586
0,1,1,0,2,0,5,3,1,1,0,0,0,0,3,0,1,0,5.0,1513,289,5.235294117647059
0,2,3,0,1,0,1,1,0,0,0,0,0,0,1,1,3,0,1.0,114,21,5.428571428571429
1,2,2,0,1,0,1,1,1,0,1,1,0,0,1,0,0,0,1.0,76,13,5.846153846153846
0,1,3,0,0,3,0,0,1,0,0,0,0,0,1,15,0,0,6.0,101,20,5.05
1,3,14,3,0,0,2,0,2,0,1,1,0,0,1,0,1,1,5.0,648,129,5.023255813953488
0,12,3,0,1,1,5,1,0,0,0,2,2,0,1,0,3,0,6.0,229,38,6.026315789473684
0,4,3,0,2,4,3,0,1,0,0,2,0,0,3,0,0,0,1.0,131,25,5.24
1,24,2,0,1,0,2,0,0,0,2,2,2,1,1,0,0,0,4.0,205,36,5.694444444444445
1,7,19,28,1,0,1,0,1,1,2,2,0,0,1,100,1,0,2.0,505,90,5.611111111111111
1,3,2,0,2,1,2,0,1,0,0,0,0,0,4,0,0,0,5.0,697,129,5.403100775193798
0,12,82,1,1,2,0,0,1,2,2,2,2,0,1,0,0,0,5.0,482,97,4.969072164948454
0,3,3,0,0,6,0,0,0,0,0,2,0,0,1,0,1,0,5.0,310,66,4.696969696969697
1,48,18,0,0,3,0,0,2,2,1,1,1,1,1,100,1,0,1.0,114,22,5.181818181818182
1,7,2,0,1,0,2,0,1,1,2,2,2,0,1,0,0,0,2.0,173,32,5.40625
1,1,2,0,0,0,0,0,1,1,0,0,0,0,3,0,0,0,4.0,572,109,5.247706422018348
1,84,2,0,1,0,1,0,1,1,2,2,2,0,1,0,0,0,2.0,534,104,5.134615384615385
1,2,2,3,2,2,0,0,1,0,0,2,2,0,5,0,0,0,5.0,179,28,6.392857142857143
1,2,39,3,0,1,2,0,1,0,1,1,0,0,1,0,0,0,3.0,88,16,5.5
0,1,3,0,1,2,3,1,2,0,0,0,0,0,2,0,0,0,3.0,201,39,5.153846153846154
0,18,3,9,1,3,2,0,1,0,2,2,2,0,1,0,0,0,2.0,89,6,14.833333333333334
1,24,16,0,1,0,3,1,0,0,1,1,1,0,1,0,0,0,3.0,352,57,6.175438596491228
1,2,2,0,0,0,1,0,1,1,0,0,0,0,1,20,3,0,1.0,122,21,5.809523809523809
0,10,3,0,0,0,0,0,1,0,2,2,2,0,1,0,0,0,16.0,104,21,4.9523809523809526
0,12,3,0,1,2,3,1,0,0,2,2,2,0,1,0,1,0,1.0,14,3,4.666666666666667
1,2,2,0,1,0,0,0,1,1,0,0,0,0,6,0,0,0,6.0,194,37,5.243243243243243
1,1,2,0,0,0,4,0,1,0,0,0,0,0,1,0,0,0,1.0,364,69,5.27536231884058
1,2,2,3,1,2,2,0,1,1,0,2,0,0,1,0,0,0,5.0,12,2,6.0
0,24,99,0,0,6,4,0,2,1,2,2,2,0,1,0,0,0,5.0,198,35,5.6571428571428575
0,1,4,0,0,0,0,0,0,2,0,0,0,0,1,0,1,0,4.0,505,89,5.674157303370786
1,2,2,0,1,0,1,0,1,1,0,0,0,0,1,0,0,0,1.0,21,4,5.25
0,12,3,0,1,1,4,0,1,0,0,2,0,0,1,0,0,0,1.0,75,14,5.357142857142857
1,2,2,0,1,5,2,0,0,0,0,0,0,0,1,0,0,0,1.0,212,43,4.930232558139535
0,3,3,0,0,4,2,0,1,0,2,2,0,0,1,30,1,0,5.0,883,176,5.017045454545454
0,2,3,0,2,1,3,1,0,1,2,2,0,0,3,0,1,0,8.0,276,52,5.3076923076923075
1,12,2,3,1,0,0,0,1,0,2,2,2,0,1,0,0,0,7.0,1171,217,5.3963133640553
0,2,3,9,0,6,2,0,1,0,2,2,0,0,1,0,3,0,3.0,199,35,5.685714285714286
0,2,3,9,0,0,1,0,0,0,2,2,0,0,1,50,0,0,6.0,362,63,5.746031746031746
1,3,2,7,0,0,2,0,1,0,2,2,0,0,1,0,0,0,8.0,332,61,5.442622950819672
1,1,2,3,0,1,4,0,1,0,0,0,0,0,1,0,7,0,2.0,940,188,5.0
1,36,19,3,0,1,3,0,0,1,1,1,2,0,1,0,0,0,4.0,271,53,5.113207547169812
1,42,9,0,0,0,3,1,0,2,1,1,0,1,1,100,1,0,2.0,203,42,4.833333333333333
1,8,2,3,1,0,0,0,1,0,2,2,0,0,1,0,0,0,1.0,161,30,5.366666666666666
1,3,2,12,1,1,0,0,1,1,0,2,0,0,1,0,1,0,4.0,185,34,5.4411764705882355
1,2,2,0,2,0,1,0,1,0,1,1,1,0,2,0,0,0,1.0,28,5,5.6
0,2,3,0,0,0,3,1,1,0,0,0,0,0,1,10,0,0,5.0,97,20,4.85
0,0,3,0,2,3,0,0,0,0,0,0,0,0,4,0,9,0,1.0,38,8,4.75
1,6,2,0,0,5,2,0,1,0,2,2,2,0,1,0,0,0,1.0,102,19,5.368421052631579
1,1,2,3,1,0,1,0,1,1,0,2,0,0,1,0,0,0,1.0,14,3,4.666666666666667
1,4,2,31,1,0,1,0,2,0,0,2,0,0,1,0,1,0,20.0,1748,323,5.411764705882353
0,4,4,0,0,0,2,0,0,2,0,2,0,0,1,0,0,0,5.0,310,58,5.344827586206897
0,2,3,0,1,1,2,0,1,0,2,2,0,0,1,100,1,0,8.0,763,144,5.298611111111111
1,3,2,0,0,2,2,0,2,0,0,0,0,0,1,50,0,0,1.0,425,80,5.3125
1,4,2,4,1,2,2,0,2,0,2,2,2,0,1,0,0,0,14.0,273,49,5.571428571428571
0,2,3,6,0,1,0,0,1,1,0,2,0,1,2,0,0,0,4.0,209,41,5.097560975609756
0,6,3,0,1,2,0,0,1,1,0,0,0,1,1,0,0,0,1.0,315,62,5.080645161290323
1,3,21,35,2,0,3,1,2,1,2,2,0,0,3,0,0,0,7.0,523,90,5.811111111111111
1,8,2,3,0,0,0,0,1,0,2,2,0,0,1,0,1,0,6.0,284,54,5.2592592592592595
0,3,3,0,0,1,4,1,0,0,0,0,0,1,1,0,0,0,4.0,1571,300,5.236666666666666
1,2,2,64,1,5,2,0,1,1,0,0,0,0,1,0,1,0,2.0,104,19,5.473684210526316
0,8,3,0,0,0,0,0,1,0,2,2,0,0,1,0,0,0,4.0,98,19,5.157894736842105
1,24,20,0,1,4,2,0,1,1,2,2,0,0,1,0,0,0,2.0,138,29,4.758620689655173
1,3,2,0,1,0,2,0,1,0,0,2,0,0,1,80,0,0,1.0,103,20,5.15
1,3,2,0,1,0,1,0,1,0,2,2,0,0,1,0,1,0,3.0,155,26,5.961538461538462
1,4,2,0,0,0,2,0,1,0,2,2,0,0,1,50,0,0,5.0,296,60,4.933333333333334
0,20,3,48,1,0,3,1,2,1,0,0,2,0,1,0,0,0,4.0,736,140,5.257142857142857
1,2,2,0,1,0,0,0,1,1,1,1,1,0,1,0,8,0,1.0,101,18,5.611111111111111
0,2,3,0,2,0,6,3,0,0,0,0,0,0,5,0,0,0,5.0,57,11,5.181818181818182
1,4,2,0,1,0,2,0,1,1,2,2,0,0,1,0,0,0,3.0,146,26,5.615384615384615
1,3,2,0,1,1,4,1,1,1,2,2,0,0,1,0,0,0,22.0,347,53,6.547169811320755
1,2,2,3,1,0,1,5,1,1,2,2,0,0,1,0,0,0,3.0,357,65,5.492307692307692
1,2,2,0,1,1,0,0,0,0,2,2,0,0,1,0,1,0,2.0,534,100,5.34
0,2,3,0,1,6,0,0,0,1,0,0,0,0,1,0,0,0,10.0,31,10,3.1
1,24,20,0,0,1,2,0,2,1,1,1,1,0,1,0,0,0,4.0,384,75,5.12
1,12,2,0,0,5,2,0,1,0,1,1,0,0,1,0,0,0,7.0,149,27,5.518518518518518
1,3,2,0,1,0,1,0,1,1,0,0,0,0,2,0,0,0,2.0,340,57,5.964912280701754
1,2,2,3,0,0,1,1,1,1,0,2,0,0,1,0,0,0,4.0,12,2,6.0
0,24,3,0,0,4,0,0,2,0,0,0,0,0,1,0,0,0,4.0,351,56,6.267857142857143
0,2,1,0,1,1,5,0,0,1,0,0,0,0,2,0,1,0,4.0,80,14,5.714285714285714
0,1,10,9,1,3,2,0,1,1,0,0,0,0,1,0,0,0,1.0,8,1,8.0
1,2,2,0,0,1,2,0,1,1,2,2,0,0,1,0,0,0,2.0,323,64,5.046875
1,13,34,0,0,4,2,0,0,2,2,2,0,0,1,0,0,0,4.0,140,27,5.185185185185185
0,15,10,0,1,3,2,0,1,0,2,2,0,0,1,10,0,0,4.0,435,82,5.304878048780488
0,3,3,0,1,0,0,0,0,0,2,2,0,0,1,0,7,0,6.0,305,61,5.0
1,5,2,0,1,0,2,0,1,0,1,2,1,0,1,0,0,0,2.0,50,10,5.0
0,3,1,0,0,0,0,0,1,1,2,2,0,0,1,50,0,0,2.0,88,18,4.888888888888889
1,2,2,0,1,3,2,0,1,0,0,0,0,0,1,0,0,0,2.0,645,122,5.286885245901639
1,15,2,3,0,1,2,0,1,0,2,2,2,0,1,100,0,0,5.0,457,95,4.810526315789474
0,4,36,0,1,0,5,1,0,0,2,2,0,0,1,0,1,0,3.0,502,98,5.122448979591836
0,24,10,0,1,6,3,1,2,0,2,2,2,0,1,0,1,0,2.0,44,7,6.285714285714286
1,60,2,0,2,0,1,0,1,0,2,2,2,0,3,0,2,0,3.0,379,71,5.338028169014085
0,12,1,0,0,6,0,0,1,1,0,2,2,0,1,0,0,0,3.0,416,75,5.546666666666667
0,2,3,91,1,0,6,1,0,1,2,2,0,0,1,0,0,0,4.0,344,71,4.845070422535211
1,1,2,3,1,0,1,0,1,1,1,1,0,0,1,0,0,0,1.0,431,81,5.320987654320987
1,24,34,2,1,0,0,0,0,1,1,2,0,0,1,0,0,0,5.0,110,20,5.5
0,1,4,9,0,1,6,1,2,0,0,0,0,0,1,0,0,0,4.0,505,92,5.489130434782608
0,7,3,0,1,0,0,0,0,0,2,2,2,0,1,0,1,0,4.0,39,9,4.333333333333333
0,3,3,0,1,0,2,0,0,0,0,0,0,1,1,0,1,0,1.0,18,3,6.0
1,24,28,0,1,0,1,1,1,0,1,1,1,0,1,0,1,0,2.0,111,18,6.166666666666667
1,1,2,3,1,1,2,0,0,0,0,0,0,0,3,0,0,0,12.0,153,33,4.636363636363637
0,21,3,0,1,0,3,1,1,1,1,2,2,0,1,0,0,0,8.0,475,98,4.846938775510204
1,2,2,0,0,0,1,1,1,1,0,0,0,0,4,0,0,0,5.0,302,52,5.8076923076923075
1,6,2,0,1,0,1,2,1,0,0,0,0,0,1,0,0,0,1.0,290,55,5.2727272727272725
1,2,2,0,1,2,3,1,1,0,2,2,0,0,1,0,0,0,1.0,58,10,5.8
0,13,1,0,2,6,3,1,0,1,0,0,0,0,4,50,0,0,1.0,287,48,5.979166666666667
0,2,3,0,0,1,6,1,1,0,0,0,0,0,1,0,3,0,2.0,116,22,5.2727272727272725
0,2,122,1,2,2,3,1,0,1,0,0,0,0,5,0,1,0,17.0,488,88,5.545454545454546
1,1,2,0,0,4,2,0,1,0,0,0,0,0,1,0,0,0,1.0,75,11,6.818181818181818
0,4,3,0,1,0,3,0,1,0,0,0,0,0,1,10,0,0,4.0,97,21,4.619047619047619
1,4,2,0,1,0,1,0,1,0,2,2,2,0,1,0,0,0,2.0,490,82,5.975609756097561
1,12,73,0,1,0,2,0,3,0,2,2,0,1,1,0,1,0,3.0,351,74,4.743243243243243
1,2,2,3,1,0,1,0,1,0,2,2,1,0,2,0,0,0,9.0,702,134,5.2388059701492535
1,84,69,0,1,5,2,0,1,0,2,2,2,0,1,0,0,0,1.0,105,20,5.25
1,24,69,0,2,1,0,0,1,0,2,2,2,0,2,0,1,0,1.0,550,108,5.092592592592593
0,1,7,0,2,0,1,4,1,2,0,0,2,0,4,0,0,0,3.0,38,7,5.428571428571429
0,2,4,0,0,0,0,0,0,2,0,0,0,0,1,250,0,0,3.0,165,29,5.689655172413793
1,1,2,0,1,4,2,0,1,0,0,0,0,0,1,0,0,0,1.0,78,16,4.875
1,1,2,0,0,0,1,0,1,0,0,0,0,0,1,0,2,0,1.0,700,130,5.384615384615385
1,120,2,0,0,1,6,0,1,1,1,1,1,1,1,0,1,0,1.0,979,192,5.098958333333333
1,2,2,0,0,1,4,0,1,0,2,2,1,0,1,200,3,0,4.0,70,14,5.0
0,12,26,9,1,6,3,1,1,0,2,2,2,0,1,0,3,0,5.0,762,138,5.521739130434782
0,2,3,9,0,1,0,0,0,0,1,1,2,0,1,0,1,0,3.0,192,35,5.485714285714286
1,3,39,3,0,0,1,0,1,0,1,1,0,0,1,0,0,0,3.0,104,18,5.777777777777778
1,3,2,0,1,0,1,2,1,1,2,2,0,0,1,0,0,1,5.0,329,67,4.91044776119403
1,3,2,0,0,6,4,0,1,0,2,2,0,0,1,100,3,0,1.0,75,15,5.0
1,12,53,42,1,0,6,0,0,0,1,1,1,0,1,0,1,0,2.0,180,35,5.142857142857143
1,1,2,0,1,1,2,0,1,0,0,2,0,0,1,0,1,0,1.0,86,15,5.733333333333333
1,1,2,0,1,0,1,0,1,0,2,2,0,0,1,0,0,0,10.0,430,75,5.733333333333333
1,36,9,0,0,1,4,1,0,1,1,1,1,1,1,0,0,0,4.0,209,44,4.75
1,4,2,3,1,0,2,0,1,0,2,2,0,0,1,0,1,0,3.0,339,71,4.774647887323944
1,1,2,0,1,0,1,3,1,1,0,0,0,0,1,0,0,0,4.0,248,50,4.96
0,60,26,0,1,0,6,1,1,1,2,2,2,0,1,0,1,0,1.0,446,85,5.247058823529412
1,2,2,0,1,0,1,0,1,0,2,2,2,0,1,0,0,0,1.0,89,16,5.5625
1,4,20,3,1,1,2,0,1,2,2,2,2,0,1,0,2,0,2.0,19,2,9.5
1,5,2,0,0,1,0,0,1,0,0,2,2,0,4,50,1,0,4.0,927,175,5.297142857142857
0,2,3,0,1,3,2,0,1,1,0,2,0,0,1,0,1,0,19.0,103,17,6.0588235294117645
0,2,1,0,1,0,4,0,1,1,0,0,0,0,1,0,0,0,4.0,126,24,5.25
0,30,3,0,0,0,1,1,2,0,2,2,2,0,2,0,9,0,3.0,224,41,5.463414634146342
0,2,3,26,1,1,2,0,1,0,0,0,0,1,1,15,0,0,1.0,211,44,4.795454545454546
0,24,12,0,1,1,6,2,1,0,2,2,2,0,1,0,1,0,6.0,174,35,4.9714285714285715
1,108,20,33,1,4,4,1,1,1,2,0,1,0,1,0,0,0,1.0,157,29,5.413793103448276
1,5,2,0,0,1,0,0,1,0,2,2,0,0,1,0,5,0,5.0,268,44,6.090909090909091
1,24,18,0,1,5,2,0,1,1,1,1,0,0,1,0,5,0,1.0,235,49,4.795918367346939
1,3,2,0,2,4,5,2,1,1,0,0,0,0,6,50,0,0,2.0,148,29,5.103448275862069
0,24,7,0,1,0,0,0,0,2,1,0,1,0,1,0,1,0,1.0,662,116,5.706896551724138
1,2,15,3,2,0,2,0,1,0,0,2,0,0,3,200,1,0,3.0,475,93,5.10752688172043
0,24,1,0,1,0,6,1,1,1,2,2,2,0,1,250,3,0,2.0,346,55,6.290909090909091
0,3,3,0,0,0,0,0,1,0,2,2,2,0,1,0,0,0,21.0,538,110,4.890909090909091
0,12,3,0,0,0,2,0,1,1,1,1,0,1,1,0,1,0,3.0,187,36,5.194444444444445
1,3,2,0,1,1,3,1,1,2,1,2,1,0,2,0,0,0,4.0,116,16,7.25
0,2,31,0,1,0,3,1,0,0,0,0,0,0,1,0,1,0,3.0,180,30,6.0
0,2,3,0,1,0,0,0,0,0,0,1,0,0,1,0,0,0,1.0,175,28,6.25
0,2,4,6,2,3,0,0,1,2,1,1,1,0,2,0,3,0,2.0,126,20,6.3
1,12,2,33,2,0,1,2,1,1,2,2,1,0,3,0,1,0,2.0,1702,289,5.889273356401384
0,4,3,0,1,0,5,0,1,0,0,2,0,0,1,30,0,0,1.0,346,63,5.492063492063492
1,11,2,0,1,5,2,0,1,2,1,1,1,0,1,0,0,0,1.0,52,8,6.5
0,4,1,20,2,4,3,1,1,1,0,0,0,0,5,0,1,0,3.0,964,180,5.355555555555555
1,49,2,3,0,1,2,0,1,0,2,2,2,0,2,0,0,0,3.0,224,38,5.894736842105263
1,48,2,0,0,1,5,0,2,0,1,0,0,0,1,1,0,0,0.0,42,8,5.25
1,1,2,0,1,5,2,0,1,0,0,2,0,0,1,0,1,0,5.0,163,30,5.433333333333334
0,36,1,20,0,1,3,1,1,1,1,2,2,0,1,0,0,0,4.0,147,26,5.653846153846154
1,2,2,0,0,1,6,1,1,0,0,2,0,0,1,0,0,0,5.0,332,65,5.107692307692307
1,2,2,0,0,1,5,0,1,1,2,2,0,0,1,0,0,0,4.0,384,73,5.260273972602739
1,12,53,0,1,4,0,0,0,1,2,2,0,0,1,0,3,0,3.0,748,137,5.45985401459854
1,2,2,3,0,1,4,0,1,1,0,0,0,0,1,0,0,0,1.0,124,21,5.904761904761905
1,84,137,0,1,1,2,0,2,1,2,2,2,1,1,0,0,0,1.0,589,117,5.034188034188034
0,3,26,6,1,0,1,1,0,1,0,2,0,0,1,0,1,0,3.0,1200,226,5.3097345132743365
0,4,3,0,0,0,2,0,1,0,2,2,0,0,1,0,0,0,6.0,20,3,6.666666666666667
0,1,30,0,0,0,2,0,1,0,0,0,0,0,1,0,0,0,1.0,214,34,6.294117647058823
1,2,2,0,1,1,2,0,1,0,0,2,0,0,1,0,0,0,4.0,908,188,4.829787234042553
0,2,1,0,0,4,0,0,1,1,0,2,0,0,1,50,0,1,9.0,746,138,5.405797101449275
0,2,24,0,1,0,1,5,0,1,2,2,1,0,1,20,0,0,9.0,485,84,5.773809523809524
0,4,1,0,2,0,1,1,1,1,0,0,0,0,2,100,1,0,8.0,145,25,5.8
1,5,2,14,1,0,3,1,1,1,2,2,0,0,1,0,0,0,2.0,419,84,4.988095238095238
0,1,1,0,1,3,0,0,1,1,0,0,0,0,1,0,0,0,3.0,236,47,5.0212765957446805
0,7,3,0,1,0,1,1,0,0,2,2,2,0,1,0,0,0,3.0,725,130,5.576923076923077
1,24,28,0,1,0,1,1,1,0,2,2,0,0,1,100,0,0,0.0,209,41,5.097560975609756
1,2,2,0,1,1,4,1,0,0,0,2,0,0,1,0,2,0,4.0,289,56,5.160714285714286
1,2,2,3,1,0,0,0,0,0,1,1,1,0,3,0,0,0,1.0,78,10,7.8
0,12,3,0,1,0,1,5,0,0,0,2,2,0,1,0,0,0,10.0,250,45,5.555555555555555
0,4,3,0,1,5,2,0,1,0,0,0,0,0,1,0,1,0,2.0,274,54,5.074074074074074
1,5,2,0,1,1,2,0,1,1,2,2,0,0,1,0,2,0,1.0,187,38,4.921052631578948
1,2,2,0,1,0,1,0,1,0,2,2,0,0,1,0,0,0,4.0,237,39,6.076923076923077
1,30,19,0,1,3,0,0,0,1,2,2,0,0,1,0,1,0,4.0,650,129,5.038759689922481
0,2,7,0,0,3,2,0,2,2,0,0,0,0,1,500,3,0,2.0,322,54,5.962962962962963
1,2,2,3,0,0,1,2,0,0,0,0,0,0,1,0,0,0,1.0,24,5,4.8
0,3,0,0,1,0,1,1,0,0,0,2,2,0,5,30,0,0,0.0,249,49,5.081632653061225
1,12,2,0,1,0,0,0,0,0,2,2,2,0,1,0,0,0,4.0,178,33,5.393939393939394
1,3,2,0,1,2,2,0,1,1,0,0,0,0,1,0,0,0,6.0,379,71,5.338028169014085
1,24,2,3,1,2,0,0,1,1,2,2,2,0,1,0,1,0,2.0,469,83,5.650602409638554
1,60,2,0,1,0,2,0,1,1,2,2,2,0,1,0,0,0,11.0,471,95,4.957894736842105
1,1,2,0,0,0,1,1,0,0,0,0,1,0,1,0,1,0,5.0,380,73,5.205479452054795
1,42,2,0,0,0,0,0,1,1,2,2,0,0,1,0,1,0,2.0,143,24,5.958333333333333
0,2,3,9,1,0,6,1,0,0,0,0,0,0,1,0,1,0,7.0,363,63,5.761904761904762
0,72,94,101,0,4,2,0,2,0,2,2,2,0,1,0,1,0,4.0,1336,270,4.948148148148148
0,4,1,0,1,0,3,1,1,1,0,2,1,0,1,0,0,0,4.0,137,22,6.2272727272727275
1,84,125,64,0,0,2,0,2,2,2,2,0,0,1,0,1,0,4.0,349,51,6.8431372549019605
0,24,3,9,1,3,0,0,2,0,2,2,2,0,1,0,0,0,9.0,367,72,5.097222222222222
1,24,34,2,1,0,1,0,0,2,2,2,2,0,1,250,0,0,2.0,1699,285,5.96140350877193
1,4,2,0,1,1,2,0,1,0,2,2,2,0,1,0,2,0,3.0,371,66,5.621212121212121
1,7,2,51,2,0,4,0,0,0,2,2,0,0,2,400,0,0,3.0,257,43,5.976744186046512
1,4,2,3,1,1,2,0,1,0,2,2,2,0,1,0,0,0,3.0,86,14,6.142857142857143
0,3,3,0,1,0,2,0,0,0,0,0,0,0,1,0,1,0,1.0,66,12,5.5
1,11,2,0,0,1,0,0,1,1,2,1,1,0,1,0,0,0,3.0,69,14,4.928571428571429
0,24,61,0,0,0,3,1,2,2,1,1,1,1,1,0,1,0,2.0,50,10,5.0
1,3,2,0,1,1,2,0,1,0,2,2,0,0,1,0,0,0,4.0,229,38,6.026315789473684
0,15,3,0,1,0,1,0,1,0,0,0,0,0,1,0,5,0,2.0,312,61,5.114754098360656
1,24,2,53,1,0,0,0,1,1,1,2,2,0,1,0,1,0,1.0,802,151,5.311258278145695
0,6,0,0,0,4,2,0,0,0,1,1,1,0,1,1,0,0,3.0,172,31,5.548387096774194
0,3,3,0,2,1,5,0,1,0,2,2,2,0,5,100,0,0,5.0,322,52,6.1923076923076925
1,4,2,0,1,1,4,0,0,0,2,2,0,0,2,0,0,0,1.0,18,3,6.0
1,5,2,0,0,0,1,0,2,0,0,0,0,0,1,0,0,0,0.0,424,79,5.367088607594937
1,3,2,0,1,0,2,0,1,0,0,0,0,0,1,0,0,0,5.0,350,71,4.929577464788732
0,3,3,0,1,5,2,0,1,0,2,2,0,0,2,0,5,0,2.0,36,6,6.0
0,1,1,0,2,0,3,1,0,0,0,0,0,0,5,0,1,0,14.0,528,102,5.176470588235294
1,2,2,3,0,1,4,1,1,0,2,2,0,0,1,0,0,0,8.0,227,38,5.973684210526316
1,24,2,38,0,0,1,1,1,0,2,2,0,0,1,1,3,0,3.0,137,23,5.956521739130435
1,2,2,3,0,1,4,1,1,0,2,2,1,0,2,1,0,0,2.0,38,6,6.333333333333333
0,2,3,29,2,0,1,0,0,0,0,0,2,0,3,0,1,0,5.0,2957,517,5.71953578336557
1,1,2,0,0,0,3,1,1,1,0,0,1,0,1,250,0,0,1.0,45,8,5.625
1,84,9,15,0,2,2,0,0,2,2,2,2,0,1,50,0,0,4.0,849,170,4.9941176470588236
0,2,3,0,0,6,0,0,1,0,0,2,0,0,1,0,1,0,3.0,355,74,4.797297297297297
1,1,2,0,1,1,2,0,1,1,0,0,0,1,1,50,0,0,5.0,472,78,6.051282051282051
1,5,14,0,1,2,2,0,1,0,2,2,2,0,1,0,1,0,5.0,1101,228,4.828947368421052
1,1,2,0,1,0,0,0,0,0,0,0,0,0,1,0,1,0,1.0,1,1,1.0
0,24,3,0,1,0,5,1,1,0,2,2,2,0,1,0,0,0,4.0,202,37,5.45945945945946
0,24,10,0,1,1,4,0,1,1,0,0,0,0,1,100,0,0,5.0,692,124,5.580645161290323
0,4,3,0,0,4,2,0,1,1,0,0,0,0,1,0,0,0,1.0,65,11,5.909090909090909
1,2,2,0,1,5,2,0,1,0,0,0,0,0,1,20,3,0,1.0,141,25,5.64
1,12,23,3,1,0,1,0,2,1,0,0,1,0,1,100,1,0,1.0,92,20,4.6
0,1,3,0,0,0,3,1,0,0,0,0,0,0,1,0,0,1,6.0,1025,214,4.789719626168225
0,12,31,0,0,0,0,0,1,0,1,1,2,0,1,0,0,0,6.0,188,33,5.696969696969697
0,1,0,0,0,4,2,0,2,0,0,0,0,0,1,0,0,0,12.0,755,148,5.101351351351352
0,1,3,0,2,0,6,4,0,0,0,0,0,0,3,50,1,0,5.0,572,111,5.153153153153153
0,3,3,0,2,6,3,1,1,0,0,2,0,0,2,0,7,0,4.0,205,39,5.256410256410256
1,2,2,0,1,1,2,0,1,0,0,0,0,0,1,20,3,0,1.0,144,25,5.76
0,34,10,10,1,1,4,0,1,2,1,2,1,0,1,0,0,0,4.0,238,47,5.0638297872340425
0,2,1,0,0,0,0,0,1,1,0,0,0,0,1,50,0,0,6.0,732,134,5.462686567164179
0,1,3,0,0,0,3,1,0,0,0,0,0,0,1,0,1,0,0.0,347,67,5.17910447761194
1,35,9,0,0,0,0,0,1,1,2,2,2,0,1,188,0,0,3.0,318,63,5.0476190476190474
0,12,3,0,1,1,0,0,1,0,2,2,2,0,1,0,0,0,4.0,657,122,5.385245901639344
1,48,23,0,1,1,2,0,3,1,2,2,0,0,1,0,0,0,1.0,262,49,5.346938775510204
1,2,2,99,0,0,1,0,1,0,2,2,0,0,2,0,0,0,2.0,106,19,5.578947368421052
1,2,2,0,1,1,2,0,1,0,0,0,1,0,1,5,3,0,2.0,15,3,5.0
0,24,0,0,1,0,3,0,0,0,2,2,2,0,1,0,2,0,4.0,432,87,4.9655172413793105
0,3,1,0,0,0,0,0,0,1,0,0,0,0,1,0,0,0,4.0,794,145,5.475862068965517
0,3,26,23,1,1,0,0,0,0,0,0,1,0,2,0,0,0,4.0,3,1,3.0
1,30,2,0,0,0,2,0,1,1,2,2,2,0,1,0,0,0,1.0,257,52,4.9423076923076925
0,1,1,0,0,3,0,0,0,1,0,0,0,0,1,0,1,0,5.0,216,46,4.695652173913044
0,2,3,0,0,0,2,0,1,0,2,2,2,0,1,100,0,0,3.0,373,68,5.485294117647059
1,6,11,3,1,1,0,0,1,1,2,2,2,0,1,0,0,0,3.0,354,68,5.205882352941177
1,6,2,0,1,0,1,0,1,0,2,2,2,0,1,150,0,0,3.0,499,86,5.8023255813953485
0,24,4,0,2,0,1,1,2,2,0,2,0,0,2,0,1,0,6.0,339,61,5.557377049180328
0,2,1,0,1,1,0,0,1,0,0,0,0,0,1,0,0,0,2.0,182,36,5.055555555555555
1,24,2,0,0,1,0,0,1,0,2,2,0,0,1,0,1,0,1.0,229,38,6.026315789473684
1,1,2,0,1,0,1,0,1,1,1,1,0,0,1,0,0,0,1.0,119,21,5.666666666666667
1,3,5,0,1,1,0,0,1,0,0,2,0,0,1,0,0,0,2.0,243,44,5.5227272727272725
0,2,3,0,1,0,2,0,0,0,0,2,0,0,1,0,0,0,4.0,254,49,5.183673469387755
0,12,4,0,1,0,1,5,1,2,2,2,2,0,1,0,0,0,5.0,1234,244,5.057377049180328
1,3,2,0,1,1,2,0,1,1,2,2,0,0,1,0,0,0,2.0,162,30,5.4
0,14,3,0,1,1,6,1,1,0,1,2,2,0,1,0,1,0,2.0,285,52,5.480769230769231
1,48,20,0,1,4,4,0,2,2,2,2,0,0,2,0,1,0,3.0,65,13,5.0
0,2,3,0,0,0,0,0,0,0,1,1,0,0,1,0,0,0,2.0,39,7,5.571428571428571
0,3,1,0,0,0,0,0,1,1,0,0,0,0,1,0,0,0,5.0,304,60,5.066666666666666
1,2,2,0,2,0,4,1,1,0,0,2,0,0,3,0,2,0,2.0,630,117,5.384615384615385
1,3,2,0,0,0,2,0,1,1,1,1,0,0,1,0,0,0,6.0,176,28,6.285714285714286
1,3,2,0,2,0,1,0,0,0,0,0,0,0,14,0,1,0,0.0,4,1,4.0
1,1,20,11,2,0,1,1,1,1,2,2,0,0,7,200,0,0,11.0,244,45,5.4222222222222225
1,1,2,3,1,0,1,0,1,1,0,0,0,0,2,0,0,0,4.0,103,20,5.15
0,24,4,0,1,0,5,2,1,2,2,2,0,0,1,0,0,0,5.0,421,78,5.397435897435898
1,2,2,0,1,0,1,0,1,1,2,2,0,0,1,0,0,0,1.0,142,28,5.071428571428571
0,1,3,0,0,0,3,1,1,0,0,2,0,0,1,0,0,0,3.0,452,79,5.7215189873417724
1,8,2,105,1,0,5,1,1,1,2,2,2,0,1,0,2,0,5.0,479,90,5.322222222222222
1,84,2,11,0,5,2,0,1,0,2,2,2,0,1,0,0,0,6.0,344,64,5.375
1,60,2,0,1,0,1,0,2,0,2,2,2,0,1,0,3,0,5.0,722,138,5.231884057971015
0,5,3,0,1,1,3,1,0,0,2,2,2,0,1,70,0,0,5.0,77,13,5.923076923076923
0,4,4,0,1,0,2,0,2,2,0,2,0,0,1,100,1,0,4.0,111,22,5.045454545454546
0,0,12,48,1,0,4,1,0,0,0,0,0,0,1,0,0,0,4.0,2048,394,5.197969543147208
0,73,7,10,1,1,4,1,1,2,2,2,2,0,1,400,0,0,3.0,749,131,5.717557251908397
1,4,2,0,1,1,5,0,1,0,2,2,2,0,2,0,1,0,1.0,246,41,6.0
0,2,105,8,1,3,0,0,1,1,0,0,0,0,1,0,0,0,4.0,85,14,6.071428571428571
0,18,92,9,1,1,6,0,1,0,0,2,2,0,1,0,1,0,2.0,476,93,5.118279569892473
0,4,3,0,1,1,6,2,1,0,0,0,0,0,2,0,0,0,1.0,220,39,5.641025641025641
0,8,3,0,0,6,0,0,1,0,0,0,0,0,1,20,1,0,2.0,47,8,5.875
1,3,136,64,0,0,0,0,1,2,0,2,0,0,1,300,1,0,4.0,94,21,4.476190476190476
1,6,137,35,2,0,6,2,1,1,2,2,0,0,2,0,0,0,4.0,27,6,4.5
1,3,128,3,0,1,2,0,1,0,2,2,0,0,1,0,1,0,1.0,361,64,5.640625
1,24,2,0,0,0,0,0,1,0,0,0,0,1,1,0,0,0,3.0,662,127,5.21259842519685
0,1,3,0,0,3,0,0,1,0,2,2,0,0,1,0,5,0,2.0,365,74,4.9324324324324325
1,1,2,0,0,1,2,0,1,0,0,2,0,0,1,0,1,0,11.0,294,57,5.157894736842105
1,15,44,0,0,1,0,0,0,0,2,2,0,0,1,0,0,0,3.0,115,21,5.476190476190476
1,5,19,0,0,3,2,0,0,0,2,2,0,0,1,0,1,0,2.0,482,102,4.7254901960784315
1,2,2,0,0,0,0,0,1,0,1,1,0,0,1,0,0,0,2.0,88,16,5.5
1,1,2,3,0,1,2,0,1,0,0,0,2,0,1,0,0,0,2.0,76,13,5.846153846153846
1,24,2,0,1,1,2,0,1,1,0,1,2,0,1,0,5,0,5.0,313,63,4.968253968253968
1,12,5,3,0,1,0,0,1,0,0,0,0,0,1,0,0,0,1.0,308,58,5.310344827586207
0,1,3,0,2,3,0,0,1,1,0,0,0,0,5,0,1,0,11.0,232,37,6.27027027027027
1,1,2,36,0,0,1,0,2,1,2,2,0,0,1,0,0,0,3.0,279,47,5.9361702127659575
0,2,3,0,1,0,6,1,0,0,0,0,0,0,1,0,1,0,3.0,250,50,5.0
1,12,2,0,1,5,2,0,1,0,1,1,1,1,1,0,0,0,3.0,72,13,5.538461538461538
0,4,0,0,2,0,6,3,1,1,2,2,2,0,3,0,5,0,3.0,38,8,4.75
1,7,2,0,1,1,2,0,1,0,2,2,0,0,1,0,0,0,5.0,259,50,5.18
1,24,101,0,2,1,2,0,2,0,1,1,1,0,2,0,1,0,2.0,245,45,5.444444444444445
1,2,2,0,1,2,0,0,1,0,0,2,0,0,1,0,1,0,2.0,110,20,5.5
1,2,2,0,1,0,1,0,1,0,0,0,0,0,1,200,1,0,1.0,280,56,5.0
0,1,1,0,0,6,4,1,2,1,0,0,0,0,1,0,0,0,4.0,849,168,5.053571428571429
0,2,3,0,1,0,1,1,0,0,2,2,0,0,1,0,0,0,4.0,22,3,7.333333333333333
1,1,2,0,2,0,1,0,2,0,0,0,0,0,4,0,0,0,1.0,327,61,5.360655737704918
1,2,2,0,1,0,1,1,1,1,0,0,0,0,1,0,0,0,2.0,150,28,5.357142857142857
0,1,61,10,2,0,1,5,2,2,2,2,0,0,3,300,0,0,1.0,68,12,5.666666666666667
1,55,28,0,0,0,1,1,1,0,2,2,1,0,1,80,1,0,1.0,223,36,6.194444444444445
0,5,3,9,1,1,3,1,0,0,2,2,0,0,1,0,0,0,5.0,681,125,5.448
0,3,1,0,1,3,0,0,1,1,1,2,1,0,2,0,0,0,1.0,692,128,5.40625
1,20,2,0,1,4,2,0,1,0,2,2,2,0,1,0,0,0,16.0,88,13,6.769230769230769
1,2,2,0,2,0,1,0,1,1,0,0,0,0,4,0,0,0,3.0,337,63,5.349206349206349
1,1,2,0,2,0,1,1,1,1,2,2,0,0,5,0,1,0,5.0,691,131,5.2748091603053435
0,3,12,0,2,3,0,0,0,0,0,0,0,0,2,0,1,0,2.0,527,95,5.5473684210526315
0,6,3,0,1,1,0,0,1,0,2,2,0,0,1,0,0,0,4.0,436,99,4.404040404040404
0,2,3,0,1,0,1,0,0,0,0,2,0,0,1,0,0,0,6.0,327,62,5.274193548387097
1,1,2,0,2,1,4,1,1,0,1,1,1,0,3,100,3,0,3.0,197,36,5.472222222222222
1,36,2,0,0,2,2,0,1,1,2,2,2,0,5,0,0,0,1.0,226,43,5.255813953488372
0,1,3,0,2,0,5,1,1,0,0,0,0,0,3,0,0,0,1.0,225,36,6.25
1,2,2,0,1,0,1,5,1,1,1,1,1,0,1,0,0,0,7.0,618,123,5.024390243902439
1,3,2,0,0,2,2,0,1,0,1,2,0,0,1,0,1,0,9.0,225,38,5.921052631578948
0,12,1,0,1,0,3,1,1,1,2,2,2,0,1,0,0,0,1.0,557,106,5.254716981132075
0,24,1,0,2,0,1,0,0,1,0,0,0,0,6,0,1,0,5.0,117,24,4.875
1,24,34,3,1,2,2,0,0,1,1,2,2,0,1,300,0,0,2.0,8,1,8.0
1,2,2,0,1,1,2,0,0,0,0,0,0,0,1,0,3,0,3.0,14,2,7.0
0,4,0,16,1,3,0,0,0,1,0,0,0,0,1,0,0,0,5.0,93,19,4.894736842105263
0,1,3,0,2,4,5,3,1,0,0,0,0,0,4,0,1,0,7.0,471,77,6.116883116883117
0,4,3,0,2,0,5,0,1,0,0,2,0,0,3,0,1,0,3.0,136,25,5.44
0,4,4,0,0,1,2,0,0,2,2,2,0,0,1,0,1,0,1.0,741,138,5.369565217391305
0,1,108,0,1,3,0,0,0,1,1,1,1,1,1,1,0,0,3.0,225,40,5.625
0,1,4,9,0,0,0,0,2,1,0,0,0,0,1,0,0,0,5.0,371,68,5.455882352941177
0,2,3,0,2,0,3,1,1,1,0,0,0,0,4,0,0,0,7.0,105,15,7.0
1,4,2,0,1,1,0,0,1,0,2,1,0,0,1,0,0,0,1.0,542,93,5.827956989247312
1,2,2,0,2,0,1,0,1,1,0,2,1,0,2,0,1,0,5.0,302,54,5.592592592592593
1,1,100,0,1,0,1,2,1,1,0,0,0,0,1,200,7,0,8.0,237,38,6.2368421052631575
0,1,1,6,2,0,0,0,0,1,0,0,0,0,2,0,5,0,2.0,332,67,4.955223880597015
0,7,94,109,2,0,1,1,1,0,0,0,0,0,5,0,0,0,4.0,429,86,4.988372093023256
1,3,2,0,1,5,2,0,2,0,0,0,0,0,1,0,3,0,3.0,713,136,5.242647058823529
1,2,2,0,0,5,2,0,1,0,0,0,0,0,1,20,3,0,1.0,201,32,6.28125
1,2,2,3,0,0,1,0,1,1,2,2,0,0,1,0,0,0,5.0,12,2,6.0
0,24,3,0,1,5,2,0,1,1,2,2,2,0,1,0,0,0,0.0,206,43,4.790697674418604
1,64,9,0,1,1,2,0,1,1,1,1,1,0,1,250,0,0,0.0,472,96,4.916666666666667
1,3,15,3,0,1,2,0,1,0,2,2,0,0,1,0,5,0,1.0,284,49,5.795918367346939
1,4,14,0,1,2,2,0,2,1,2,2,0,0,1,0,13,0,1.0,195,39,5.0
1,3,2,0,2,0,1,0,1,0,0,0,0,0,5,0,3,0,1.0,126,24,5.25
0,3,1,0,0,1,0,0,0,1,2,2,1,0,1,0,1,0,1.0,509,91,5.593406593406593
1,4,2,0,1,5,2,0,1,0,2,2,0,0,1,0,0,0,12.0,1365,273,5.0
0,4,3,0,0,4,0,0,1,0,0,0,0,0,1,0,0,0,5.0,89,14,6.357142857142857
0,2,3,0,2,1,0,0,1,0,0,0,0,0,3,0,0,0,3.0,109,23,4.739130434782608
1,24,2,0,1,1,6,0,1,0,2,2,2,0,1,0,1,0,3.0,403,83,4.855421686746988
0,2,1,10,0,0,2,0,0,1,0,0,1,0,1,0,0,0,3.0,378,72,5.25
1,1,2,0,0,4,2,0,1,0,0,0,0,0,1,0,0,0,1.0,75,11,6.818181818181818
0,1,1,10,2,0,1,1,0,2,0,0,0,0,2,0,5,0,1.0,133,25,5.32
1,3,14,33,0,1,2,0,1,0,1,1,1,0,1,0,3,0,2.0,629,121,5.198347107438017
1,3,2,0,2,1,4,1,1,0,2,2,0,0,6,0,0,0,3.0,211,40,5.275
1,12,2,0,1,0,2,0,1,1,0,2,2,0,1,0,5,0,6.0,315,62,5.080645161290323
0,1,3,0,2,0,5,1,1,0,0,0,0,0,2,0,2,0,5.0,322,64,5.03125
0,4,10,0,0,2,2,0,1,0,2,0,0,0,1,0,6,0,1.0,74,10,7.4
1,6,2,0,0,5,2,0,1,1,2,2,2,0,1,0,0,0,4.0,705,137,5.145985401459854
1,4,2,11,1,1,6,1,2,0,0,0,0,0,2,0,0,0,4.0,149,27,5.518518518518518
0,5,0,0,0,0,1,5,1,0,2,2,0,0,1,50,0,0,1.0,143,25,5.72
1,1,2,0,0,1,0,0,1,1,0,0,0,0,1,0,3,0,2.0,103,15,6.866666666666666
0,8,3,0,0,4,5,0,1,0,2,2,2,0,1,0,1,0,3.0,116,22,5.2727272727272725
1,3,2,31,1,0,1,0,1,1,2,2,0,0,1,0,0,0,5.0,14,3,4.666666666666667
0,1,22,113,1,1,2,0,0,0,0,2,0,0,1,0,0,0,3.0,274,55,4.9818181818181815
1,5,2,0,0,0,1,0,1,0,2,2,0,0,1,0,0,0,1.0,304,59,5.1525423728813555
0,2,3,8,1,2,0,0,1,0,0,2,0,0,1,100,0,0,5.0,278,50,5.56
0,15,3,0,0,4,0,0,2,0,2,2,2,0,1,0,0,0,6.0,92,20,4.6
1,1,2,0,0,1,2,0,1,0,0,0,0,0,1,0,6,0,4.0,1091,214,5.098130841121495
0,3,3,0,2,6,0,0,0,0,2,2,0,0,2,100,0,0,4.0,545,86,6.337209302325581
1,3,2,0,0,0,0,0,1,0,2,2,0,0,1,0,0,0,1.0,137,26,5.269230769230769
0,3,3,0,1,3,2,0,1,0,0,0,0,0,1,0,1,0,1.0,106,21,5.0476190476190474
0,1,30,0,1,0,2,0,0,1,0,2,0,1,1,0,0,0,1.0,272,54,5.037037037037037
0,2,36,0,2,0,1,3,1,1,1,2,1,0,3,0,1,0,0.0,454,79,5.746835443037975
0,12,24,0,1,0,5,1,0,1,2,2,2,0,1,0,1,0,1.0,195,33,5.909090909090909
1,6,2,0,1,0,1,0,1,0,0,2,0,0,1,0,1,0,2.0,428,79,5.417721518987341
0,8,3,0,0,0,2,0,1,0,2,2,0,0,1,0,0,1,1.0,153,33,4.636363636363637
1,12,2,3,2,1,0,0,1,0,2,2,1,0,2,0,1,0,1.0,288,53,5.433962264150943
1,1,2,0,2,0,0,0,1,1,1,1,1,0,2,100,3,0,1.0,228,43,5.3023255813953485
0,12,3,0,0,0,0,0,1,0,2,2,2,0,1,0,1,0,2.0,350,71,4.929577464788732
1,24,2,0,0,2,2,0,1,1,2,2,0,0,1,0,0,0,2.0,231,46,5.021739130434782
0,4,12,0,0,0,0,0,1,1,0,2,0,0,1,0,1,0,3.0,129,21,6.142857142857143
1,1,2,0,2,0,1,0,0,0,0,2,0,0,5,0,0,0,7.0,376,67,5.611940298507463
1,12,2,0,1,1,4,1,1,0,1,1,1,0,1,0,3,0,5.0,345,61,5.655737704918033
1,2,2,0,1,1,0,0,1,0,0,0,0,0,1,0,1,0,2.0,33,5,6.6
1,12,2,0,0,0,1,3,0,1,1,1,1,0,1,0,0,0,5.0,192,37,5.1891891891891895
0,12,1,0,0,0,1,1,2,1,2,2,2,0,1,0,0,0,12.0,84,18,4.666666666666667
0,36,1,6,1,0,5,1,1,0,2,2,2,0,2,0,1,0,3.0,328,56,5.857142857142857
1,24,8,0,0,0,1,0,2,0,2,2,0,0,1,0,1,0,3.0,258,49,5.26530612244898
0,2,1,6,0,6,2,0,0,1,0,2,0,0,1,0,0,0,5.0,170,26,6.538461538461538
1,72,51,0,1,4,2,0,0,2,2,2,2,0,1,500,1,0,2.0,528,112,4.714285714285714
1,4,2,0,1,1,2,0,1,0,1,1,0,1,1,0,5,0,4.0,364,70,5.2
1,18,2,0,0,1,2,0,1,0,2,2,0,0,1,0,1,0,6.0,390,66,5.909090909090909
1,12,9,0,1,2,2,0,0,2,2,2,2,0,1,0,0,0,2.0,79,13,6.076923076923077
0,3,3,0,0,0,6,1,1,0,2,2,0,0,2,200,0,0,5.0,988,186,5.311827956989247
1,2,2,0,1,0,1,0,1,0,1,1,0,0,1,0,0,0,2.0,133,23,5.782608695652174
1,120,9,0,2,1,0,0,0,1,2,2,2,0,2,0,1,0,1.0,372,70,5.314285714285714
1,10,2,0,1,0,6,0,1,0,2,2,0,0,2,20,0,0,5.0,2023,380,5.323684210526316
1,48,53,0,1,0,2,0,0,0,1,1,0,0,1,0,0,0,4.0,109,18,6.055555555555555
1,36,5,0,0,5,2,0,2,2,2,2,2,0,1,300,0,0,4.0,1410,248,5.685483870967742
1,24,2,0,1,0,2,0,1,1,2,2,0,0,1,0,1,0,2.0,52,10,5.2
1,2,2,0,1,1,2,0,1,0,0,0,0,0,1,0,0,0,1.0,26,5,5.2
1,2,2,0,1,0,1,0,1,1,2,2,0,0,1,0,1,0,14.0,387,75,5.16
1,7,2,0,0,1,0,0,1,1,0,0,0,0,1,0,0,0,1.0,373,64,5.828125
1,1,2,0,1,0,1,0,1,0,1,1,0,0,1,0,0,0,2.0,127,22,5.7727272727272725
0,3,3,0,1,1,0,0,1,0,0,0,0,0,2,0,0,0,5.0,161,34,4.735294117647059
0,6,1,0,2,0,1,0,1,1,2,2,0,0,3,0,1,0,7.0,593,108,5.4907407407407405
1,5,14,3,0,2,2,0,1,0,2,2,0,0,1,0,0,0,1.0,325,54,6.018518518518518
0,3,1,0,1,1,5,1,1,1,0,0,0,0,2,0,1,0,2.0,116,23,5.043478260869565
0,7,92,9,0,0,1,5,0,0,0,2,2,0,1,0,5,0,1.0,61,11,5.545454545454546
0,16,91,0,0,1,3,1,1,1,2,2,2,0,3,0,0,0,4.0,276,56,4.928571428571429
1,2,2,0,1,6,2,0,0,0,0,2,0,0,1,0,0,0,2.0,86,16,5.375
0,12,3,0,0,3,0,0,2,0,2,2,2,0,1,20,1,0,5.0,126,22,5.7272727272727275
0,24,4,10,0,3,0,0,2,2,2,2,2,0,1,250,0,0,5.0,1344,250,5.376
0,1,3,10,1,0,0,0,0,1,0,2,0,0,1,0,1,0,2.0,397,79,5.025316455696203
1,12,2,0,1,1,4,1,1,0,1,1,1,0,1,0,6,0,1.0,271,45,6.022222222222222
1,24,2,3,0,5,2,0,1,0,0,0,1,1,2,0,0,0,3.0,587,108,5.435185185185185
0,1,3,0,0,0,0,0,1,0,0,0,0,0,1,0,1,0,2.0,154,27,5.703703703703703
0,19,1,8,1,1,0,0,1,1,1,1,0,0,1,0,0,0,6.0,1797,336,5.348214285714286
0,11,3,0,0,4,5,0,1,0,0,0,0,0,3,50,0,0,4.0,150,32,4.6875
0,3,12,0,1,5,2,0,1,0,0,2,1,0,3,0,0,0,5.0,141,27,5.222222222222222
0,12,26,0,1,0,5,1,0,0,0,0,0,0,1,0,0,0,1.0,249,46,5.413043478260869
1,36,23,3,1,0,1,0,2,1,1,1,1,0,1,0,0,1,6.0,299,53,5.6415094339622645
1,96,20,0,1,4,2,0,2,1,2,2,2,0,1,0,1,0,4.0,239,45,5.311111111111111
0,12,17,54,0,0,5,0,2,2,1,1,1,0,1,0,0,0,2.0,112,19,5.894736842105263
0,2,4,0,1,3,0,0,0,2,1,1,1,0,1,0,1,2,4.0,726,103,7.048543689320389
0,1,3,0,1,0,6,1,1,0,0,0,0,0,1,0,0,0,3.0,404,81,4.987654320987654
0,1,1,0,1,5,2,0,0,1,0,0,0,0,1,0,0,0,3.0,86,17,5.0588235294117645
1,2,2,68,0,0,0,0,1,0,2,2,0,0,1,0,0,0,4.0,695,125,5.56
0,4,3,0,1,0,5,1,1,0,2,2,0,0,1,0,1,1,3.0,226,43,5.255813953488372
0,2,3,0,1,0,4,1,0,0,0,0,0,0,1,0,0,2,5.0,313,59,5.305084745762712
0,5,3,0,1,5,2,0,1,0,0,2,0,0,1,0,1,0,3.0,1276,239,5.338912133891213
1,60,20,0,0,2,2,0,1,1,2,2,0,0,1,0,0,0,2.0,54,8,6.75
0,4,3,0,0,0,1,0,0,0,0,0,0,0,1,0,0,0,3.0,454,84,5.404761904761905
0,24,4,0,0,3,0,0,2,2,0,0,0,0,1,100,1,0,3.0,88,18,4.888888888888889
0,2,3,0,0,4,0,0,1,0,0,2,0,1,2,0,1,0,6.0,280,51,5.490196078431373
0,1,3,0,0,0,5,1,1,0,0,0,0,0,1,0,1,0,4.0,237,51,4.647058823529412
1,1,2,3,2,0,1,1,1,0,0,0,0,0,8,0,1,0,3.0,189,33,5.7272727272727275
0,11,10,6,1,2,3,0,1,1,2,2,0,0,1,0,0,0,3.0,227,45,5.044444444444444
0,12,3,0,1,3,0,0,0,0,2,2,2,0,1,100,0,0,2.0,54,10,5.4
0,3,3,0,1,0,0,0,1,0,0,2,0,0,1,30,0,0,5.0,230,40,5.75
0,1,3,0,0,0,1,3,0,0,0,0,0,0,1,0,7,0,2.0,68,11,6.181818181818182
0,7,7,0,0,4,0,0,2,2,2,0,0,0,1,350,1,0,4.0,710,110,6.454545454545454
0,2,3,0,0,1,2,0,0,0,0,2,0,1,1,0,0,0,1.0,151,29,5.206896551724138
1,1,2,0,2,1,2,0,0,0,0,0,0,0,5,0,0,0,0.0,194,37,5.243243243243243
1,3,2,0,1,0,0,0,1,0,2,2,0,0,3,0,1,0,1.0,1923,355,5.416901408450705
1,3,2,0,1,1,2,0,1,0,2,2,0,0,1,0,0,0,7.0,335,60,5.583333333333333
1,4,2,0,1,1,0,0,1,0,0,2,2,0,1,0,1,0,11.0,55,8,6.875
1,36,16,0,1,0,3,1,0,2,2,2,2,0,1,0,0,0,1.0,160,30,5.333333333333333
0,2,3,0,1,1,6,1,1,1,0,0,0,0,2,0,0,0,6.0,430,81,5.308641975308642
0,0,1,0,0,1,6,0,0,1,1,1,1,1,1,0,1,0,1.0,318,56,5.678571428571429
1,9,11,3,1,0,1,1,1,0,2,2,2,0,1,0,0,0,7.0,271,44,6.159090909090909
1,72,39,0,1,1,2,0,1,1,2,2,0,0,1,0,0,0,4.0,807,156,5.173076923076923
1,2,2,0,2,1,5,1,1,0,0,0,1,0,5,0,0,0,7.0,44,7,6.285714285714286
0,3,3,9,2,0,1,3,0,1,0,0,0,0,3,0,0,0,5.0,44,9,4.888888888888889
1,4,2,0,1,5,2,0,1,1,0,0,0,0,1,0,0,0,2.0,156,25,6.24
0,3,3,0,0,0,3,1,1,0,0,0,0,0,1,0,0,0,3.0,242,42,5.761904761904762
0,2,3,0,1,0,4,1,0,0,2,2,0,0,1,0,0,0,2.0,127,22,5.7727272727272725
1,12,2,0,1,0,1,1,1,0,2,2,1,0,1,0,0,0,2.0,695,128,5.4296875
1,2,2,0,1,0,1,0,1,0,1,1,0,0,1,0,0,0,2.0,125,21,5.9523809523809526
1,2,2,0,1,2,2,0,1,0,0,0,0,0,1,0,0,0,3.0,639,123,5.195121951219512
1,8,20,11,0,2,2,0,1,1,2,2,0,0,1,200,0,0,0.0,92,18,5.111111111111111
0,1,1,6,1,0,1,3,1,1,0,0,0,0,2,0,1,0,7.0,541,106,5.10377358490566
1,12,2,3,1,1,6,4,1,1,1,1,1,0,1,0,0,0,4.0,282,51,5.529411764705882
1,2,2,0,1,0,0,0,1,0,2,2,2,0,1,0,2,0,5.0,554,114,4.859649122807017
1,48,33,0,1,1,6,0,0,2,2,1,1,1,1,0,1,0,3.0,219,37,5.918918918918919
0,5,3,0,2,0,1,4,1,1,2,2,0,0,5,0,0,0,17.0,244,48,5.083333333333333
0,2,0,0,1,3,2,0,0,0,0,0,0,0,1,0,0,0,7.0,203,38,5.342105263157895
0,2,3,0,0,1,6,1,1,0,0,0,0,0,1,10,0,0,5.0,97,20,4.85
0,1,3,0,1,5,2,0,0,0,1,2,0,0,1,0,0,0,2.0,337,60,5.616666666666666
1,72,23,0,1,0,1,0,2,1,0,2,2,0,1,0,1,0,4.0,388,67,5.791044776119403
0,2,3,0,1,4,0,0,0,0,0,0,0,0,1,80,0,0,3.0,128,25,5.12
1,3,2,0,0,1,2,0,1,1,0,2,0,0,1,0,0,0,6.0,372,70,5.314285714285714
1,1,2,0,0,0,2,0,0,0,0,0,0,0,1,0,1,0,1.0,1,1,1.0
0,36,3,0,1,0,5,2,1,0,0,0,0,0,1,0,1,0,5.0,477,101,4.7227722772277225
1,48,11,0,0,1,0,0,0,0,2,2,0,0,1,0,0,0,0.0,313,60,5.216666666666667
1,36,19,0,0,3,0,0,0,0,1,1,0,0,1,200,0,0,2.0,418,79,5.291139240506329
1,2,2,0,1,0,1,0,1,0,0,2,0,0,1,50,0,0,4.0,1065,200,5.325
0,36,7,0,1,1,2,0,1,2,0,0,0,0,1,100,0,0,1.0,120,22,5.454545454545454
1,2,2,0,0,0,4,0,1,1,0,1,0,0,1,0,1,0,5.0,129,22,5.863636363636363
1,1,2,0,1,1,0,0,1,0,0,0,0,0,1,0,5,0,1.0,165,30,5.5
1,2,28,11,2,1,4,1,0,0,0,0,2,0,2,0,2,0,3.0,16,3,5.333333333333333
1,32,2,12,1,1,0,0,1,0,2,0,2,0,1,0,1,0,1.0,148,29,5.103448275862069
0,5,4,0,0,4,2,0,1,1,0,2,0,0,1,50,0,0,2.0,16,3,5.333333333333333
1,2,2,3,1,1,2,0,1,1,2,2,0,0,3,0,0,0,5.0,336,51,6.588235294117647
0,4,0,0,0,3,2,0,0,0,2,2,0,0,1,0,0,0,3.0,129,24,5.375
1,1,2,0,2,0,1,1,1,0,0,0,0,0,7,0,0,0,8.0,16,3,5.333333333333333
0,1,3,26,2,0,1,3,1,0,0,2,0,0,3,0,1,0,26.0,733,121,6.0578512396694215
0,12,3,0,1,5,2,0,1,0,2,2,2,0,1,0,1,0,2.0,67,12,5.583333333333333
1,18,2,0,0,0,2,0,1,0,2,2,0,0,1,100,0,0,1.0,162,33,4.909090909090909
0,3,3,0,0,0,3,1,1,0,2,2,0,0,2,0,0,0,11.0,801,152,5.269736842105263
0,2,3,0,1,0,3,0,0,0,0,0,0,0,1,0,1,0,3.0,160,27,5.925925925925926
1,1,2,36,0,0,1,0,2,1,2,2,0,0,1,0,0,0,4.0,279,47,5.9361702127659575
0,5,4,1,1,1,4,3,1,1,2,2,2,0,2,30,0,0,10.0,500,94,5.319148936170213
0,2,3,0,1,0,6,1,0,0,2,2,0,0,1,0,3,0,5.0,252,51,4.9411764705882355
1,1,2,0,1,0,1,1,1,0,1,1,0,0,1,0,0,0,3.0,124,22,5.636363636363637
1,1,110,3,1,2,2,0,1,0,0,0,0,0,1,0,7,0,3.0,112,18,6.222222222222222
0,1,3,0,0,0,2,0,1,0,0,0,0,0,1,0,0,0,1.0,158,28,5.642857142857143
1,7,2,0,1,1,2,0,1,0,2,2,2,0,1,0,0,2,6.0,552,105,5.257142857142857
1,3,2,0,1,0,2,0,1,0,0,0,0,0,2,0,0,0,11.0,1120,198,5.656565656565657
0,7,78,0,0,6,0,0,2,1,2,2,2,0,1,0,1,0,2.0,24,6,4.0
1,6,2,0,1,0,1,0,1,1,0,0,0,0,2,0,1,0,2.0,501,103,4.864077669902913
0,6,36,0,1,1,0,0,1,1,2,2,1,0,1,0,1,0,6.0,98,18,5.444444444444445
0,41,1,0,1,0,0,0,1,1,2,2,2,0,1,0,1,0,6.0,455,92,4.945652173913044
0,3,30,0,0,1,0,0,1,0,1,1,1,0,1,0,0,0,3.0,79,15,5.266666666666667
1,4,2,3,1,5,2,0,0,0,0,0,0,0,1,0,0,0,1.0,182,31,5.870967741935484
0,2,3,0,0,3,0,0,1,0,2,2,0,0,1,0,5,0,7.0,417,77,5.415584415584416
0,24,3,0,2,6,3,1,2,0,2,2,2,0,3,0,0,0,3.0,119,20,5.95
0,1,3,0,0,0,3,1,1,0,0,0,0,0,1,0,0,0,2.0,269,53,5.0754716981132075
1,2,2,0,0,0,1,0,0,0,2,2,0,0,1,0,0,0,3.0,91,16,5.6875
1,1,2,0,0,1,0,0,1,1,0,0,0,0,1,0,1,0,12.0,167,30,5.566666666666666
1,1,2,3,2,0,1,1,1,0,0,0,0,0,5,0,0,0,11.0,413,77,5.363636363636363
0,29,3,0,1,1,0,0,1,0,1,1,0,0,1,0,0,0,3.0,79,13,6.076923076923077
1,60,19,0,0,0,3,0,0,0,1,1,0,0,1,0,0,0,3.0,284,55,5.163636363636364
1,6,2,0,0,3,2,0,1,0,1,1,1,0,1,0,0,0,0.0,208,41,5.073170731707317
1,1,2,0,1,0,1,0,1,0,1,1,1,0,1,0,0,0,2.0,76,13,5.846153846153846
0,3,7,0,0,5,2,0,0,1,0,0,0,0,1,0,1,0,0.0,172,30,5.733333333333333
1,9,5,3,0,4,4,0,1,0,2,2,0,0,1,0,0,0,3.0,269,51,5.2745098039215685
1,60,9,0,1,1,4,1,1,1,2,2,0,0,1,300,1,0,2.0,304,63,4.825396825396825
1,4,2,3,0,6,2,0,0,0,2,2,1,0,1,0,1,0,2.0,184,37,4.972972972972973
1,2,2,0,0,1,5,0,1,0,2,2,0,0,1,100,0,0,3.0,29,5,5.8
0,2,94,47,0,3,0,0,1,0,0,0,0,1,1,0,0,0,2.0,743,145,5.124137931034483
1,84,9,0,0,1,0,0,1,1,1,1,1,0,1,0,0,0,3.0,171,29,5.896551724137931
1,12,2,0,1,1,6,1,0,0,1,1,1,0,1,0,2,0,5.0,522,95,5.494736842105263
0,40,3,0,1,0,3,1,1,0,2,2,2,0,1,0,1,0,5.0,1247,230,5.421739130434783
1,3,2,0,1,1,2,0,1,0,2,2,0,0,1,0,1,0,1.0,35,7,5.0
1,3,57,3,1,0,5,0,1,0,0,2,0,0,1,0,0,0,3.0,285,53,5.377358490566038
0,1,3,0,1,0,1,3,1,0,1,1,1,0,2,0,1,0,3.0,308,60,5.133333333333334
1,2,2,3,1,0,1,0,1,0,0,0,0,0,1,0,8,0,1.0,373,70,5.328571428571428
1,2,2,3,1,1,0,0,1,1,0,0,0,0,1,0,0,0,5.0,12,2,6.0
0,12,1,0,1,0,1,1,1,1,1,1,0,0,2,0,1,0,8.0,714,134,5.3283582089552235
1,8,8,0,1,0,2,0,2,2,2,2,0,0,1,1000,0,0,2.0,123,24,5.125
1,8,2,0,1,2,2,0,1,1,2,2,2,0,1,150,0,1,2.0,106,19,5.578947368421052
0,5,7,0,1,0,3,1,1,0,0,0,0,0,1,0,5,0,1.0,256,44,5.818181818181818
1,1,2,0,0,0,2,0,1,0,2,2,0,0,2,0,0,0,4.0,125,23,5.434782608695652
0,7,3,0,1,3,2,0,0,0,2,2,1,0,1,0,1,0,1.0,34,7,4.857142857142857
1,60,2,0,0,0,0,0,2,1,1,1,1,0,2,0,0,0,2.0,101,20,5.05
1,2,2,0,0,0,1,0,1,1,0,0,0,0,1,0,3,0,3.0,155,25,6.2
1,36,20,35,1,4,2,0,2,2,0,2,0,1,1,0,1,0,5.0,1005,185,5.4324324324324325
1,8,8,0,1,0,0,0,1,0,2,2,2,0,1,500,0,0,1.0,921,145,6.3517241379310345
0,4,3,0,0,0,1,0,1,1,0,0,0,0,1,0,0,0,1.0,201,35,5.742857142857143
1,3,2,3,1,0,2,0,1,0,2,2,1,0,2,0,1,0,5.0,185,38,4.868421052631579
0,3,3,9,1,0,5,1,1,0,0,0,0,0,2,0,1,0,1.0,275,55,5.0
0,0,3,0,2,0,6,0,0,0,1,1,1,0,2,0,0,0,4.0,699,129,5.4186046511627906
0,5,3,0,0,0,0,0,0,0,0,0,0,0,2,0,1,0,0.0,293,57,5.140350877192983
0,5,3,0,2,0,3,1,0,0,0,0,0,0,4,50,0,0,6.0,232,35,6.628571428571429
0,8,3,26,1,3,0,0,1,0,0,0,2,0,1,0,0,0,2.0,200,36,5.555555555555555
1,48,2,0,0,1,2,0,1,0,2,2,1,0,1,0,0,0,2.0,527,99,5.3232323232323235
0,12,3,0,1,0,1,3,2,0,0,0,0,0,1,0,0,0,3.0,1067,202,5.282178217821782
1,7,2,3,0,0,0,0,1,0,2,2,2,0,1,0,1,0,1.0,30,5,6.0
0,6,32,0,1,3,0,0,1,1,1,1,1,0,1,0,0,0,5.0,228,44,5.181818181818182
1,3,100,3,1,0,4,1,1,1,0,2,0,0,1,0,0,0,9.0,507,94,5.3936170212765955
1,5,5,3,1,4,2,0,1,0,2,2,2,0,1,0,0,0,2.0,347,69,5.028985507246377
1,2,2,0,0,0,0,0,1,0,0,2,0,0,1,0,3,0,2.0,206,30,6.866666666666666
1,8,2,0,1,1,2,0,1,1,2,2,2,0,1,0,3,0,1.0,252,46,5.478260869565218
1,1,2,0,0,0,1,0,1,0,0,2,0,0,1,0,0,0,3.0,352,70,5.0285714285714285
1,2,2,0,1,4,2,0,1,0,2,2,0,0,1,0,0,0,1.0,105,21,5.0
1,2,2,0,0,0,1,0,1,1,0,0,0,0,5,0,1,0,3.0,378,74,5.108108108108108
1,2,2,3,2,0,1,0,1,0,0,0,0,0,5,0,0,0,4.0,144,27,5.333333333333333
1,1,2,0,1,0,1,0,1,1,2,2,0,0,1,0,0,0,9.0,417,75,5.56
0,2,1,0,1,1,2,0,2,1,0,2,1,0,1,0,0,0,2.0,392,62,6.32258064516129
0,2,3,0,1,0,1,5,0,1,0,2,0,1,1,0,0,0,4.0,969,198,4.893939393939394
1,3,5,12,1,2,3,1,1,1,0,2,0,0,1,150,1,0,8.0,95,15,6.333333333333333
1,2,2,0,0,0,1,0,1,0,0,2,0,0,1,0,3,0,3.0,198,28,7.071428571428571
0,12,3,26,1,3,0,0,0,0,2,2,2,0,1,0,0,0,2.0,445,81,5.493827160493828
0,3,3,0,0,5,2,0,1,0,1,2,0,0,1,0,0,0,3.0,113,17,6.647058823529412
1,3,5,2,0,0,1,0,0,1,2,2,0,0,1,0,6,0,6.0,420,76,5.526315789473684
0,2,3,0,1,6,4,1,1,0,2,2,2,0,1,0,2,1,5.0,287,54,5.314814814814815
0,6,26,0,1,0,5,1,1,0,0,0,0,0,3,0,0,0,2.0,69,15,4.6
0,19,3,9,1,0,0,0,1,0,2,2,2,0,1,0,0,0,2.0,86,6,14.333333333333334
1,2,2,0,1,0,1,0,0,0,1,1,1,0,1,0,5,0,1.0,222,37,6.0
0,60,7,6,1,0,1,1,1,1,0,0,0,0,3,0,6,0,5.0,723,138,5.239130434782608
1,3,2,0,1,1,0,0,1,0,0,2,0,0,1,0,0,0,2.0,133,23,5.782608695652174
0,1,7,0,2,5,2,0,0,1,0,0,0,0,5,100,0,0,11.0,70,13,5.384615384615385
0,1,3,0,1,1,0,0,2,0,0,2,0,0,1,0,0,0,3.0,157,35,4.485714285714286
1,48,13,0,1,1,2,0,1,1,0,0,0,0,1,0,0,0,0.0,293,55,5.327272727272727
1,36,20,3,1,1,4,0,1,1,2,2,2,0,1,0,0,0,23.0,331,64,5.171875
1,32,14,11,1,4,2,0,2,0,0,0,0,0,1,200,0,0,2.0,315,68,4.632352941176471
1,2,2,3,0,6,4,1,1,0,0,0,0,0,1,0,1,0,2.0,83,15,5.533333333333333
0,12,3,0,0,3,0,0,0,0,2,2,2,0,1,0,0,0,2.0,211,39,5.410256410256411
1,2,2,0,2,0,1,1,1,0,2,2,0,0,5,0,1,0,13.0,852,163,5.226993865030675
1,24,2,0,1,1,2,0,1,1,2,2,0,0,1,0,0,0,2.0,379,73,5.191780821917808
1,72,2,0,1,0,5,0,1,1,0,2,0,0,1,50,1,0,1.0,1245,235,5.297872340425532
0,3,3,0,0,0,4,3,2,0,0,0,0,0,1,0,0,0,7.0,92,17,5.411764705882353
1,4,2,0,1,5,2,0,1,0,1,1,1,0,1,0,1,0,2.0,671,127,5.283464566929134
0,2,10,6,1,1,4,1,0,1,0,0,0,0,1,100,0,0,2.0,122,22,5.545454545454546
0,1,12,0,0,0,1,2,1,0,0,0,0,0,1,0,1,0,5.0,237,43,5.511627906976744
1,8,2,3,2,0,1,1,1,0,2,2,1,0,8,0,0,0,14.0,522,102,5.117647058823529
1,5,2,0,1,1,5,1,1,0,2,2,2,0,1,0,2,1,11.0,515,97,5.309278350515464
1,12,14,0,0,1,2,0,2,0,1,1,1,0,1,0,0,0,1.0,103,24,4.291666666666667
0,1,1,0,1,2,2,0,0,1,0,0,0,0,1,0,0,2,4.0,356,68,5.235294117647059
1,1,2,0,1,0,1,0,1,0,0,0,0,0,4,0,2,0,5.0,161,26,6.1923076923076925
1,4,2,0,1,2,2,0,1,0,2,2,0,0,1,0,0,0,1.0,162,32,5.0625
0,2,3,0,1,1,0,0,1,0,0,0,0,0,1,0,0,0,3.0,54,9,6.0
1,5,2,0,1,0,1,0,2,0,2,2,0,0,1,0,6,0,3.0,271,51,5.313725490196078
1,12,2,0,0,1,2,0,1,0,1,1,0,0,1,0,0,0,4.0,408,77,5.298701298701299
1,4,2,0,0,1,4,0,1,0,2,2,2,0,1,200,1,0,1.0,195,35,5.571428571428571
0,3,36,16,2,1,4,0,0,1,0,2,0,0,3,0,2,0,3.0,86,17,5.0588235294117645
0,1,3,0,1,3,2,0,0,0,0,2,0,0,1,0,0,0,2.0,433,80,5.4125
0,6,10,9,1,0,1,0,0,0,2,2,2,0,1,0,1,0,7.0,373,69,5.405797101449275
1,2,2,0,1,2,2,0,1,0,2,2,0,0,1,0,0,0,1.0,157,32,4.90625
1,1,2,3,2,0,6,1,1,0,0,0,1,0,4,0,0,0,1.0,48,8,6.0
0,1,3,0,2,0,4,1,0,2,0,0,0,0,5,0,0,0,3.0,305,58,5.258620689655173
1,84,9,0,1,1,6,1,0,0,2,2,0,0,1,0,0,0,1.0,145,27,5.37037037037037
1,12,66,0,0,1,2,0,0,1,1,1,1,0,1,0,0,0,1.0,63,14,4.5
1,7,2,7,1,0,0,0,1,1,2,2,2,0,1,0,0,0,8.0,338,66,5.121212121212121
1,4,62,31,2,0,1,0,1,0,1,1,0,0,2,0,0,0,6.0,823,146,5.636986301369863
0,4,3,0,0,3,0,0,1,0,0,2,0,0,1,0,0,0,6.0,118,20,5.9
0,2,3,0,2,0,3,0,1,0,0,2,0,0,4,0,1,0,3.0,290,54,5.37037037037037
0,1,3,0,1,0,5,1,0,0,0,0,0,0,1,0,0,0,1.0,124,24,5.166666666666667
0,12,1,0,1,5,2,0,1,1,1,1,1,0,1,0,6,0,1.0,10,2,5.0
0,5,3,0,2,6,0,0,1,0,0,0,0,0,5,50,0,0,1.0,165,38,4.342105263157895
1,3,2,0,1,1,0,0,1,1,0,0,0,0,1,0,0,0,2.0,23,4,5.75
0,8,1,0,0,5,2,0,1,1,0,2,0,0,1,0,1,0,5.0,164,26,6.3076923076923075
1,1,2,0,0,1,0,0,1,1,1,1,0,0,1,0,0,0,4.0,93,18,5.166666666666667
1,1,2,0,1,0,1,4,0,1,0,0,0,0,1,0,0,0,4.0,234,44,5.318181818181818
0,1,4,0,0,0,0,0,1,1,0,2,0,0,1,0,0,0,1.0,667,139,4.798561151079137
1,60,19,0,1,0,4,1,0,0,2,2,2,0,1,300,0,0,2.0,417,63,6.619047619047619
1,4,2,3,0,1,2,0,1,0,2,2,0,0,1,0,0,0,4.0,256,43,5.953488372093023
1,2,2,0,1,4,2,0,1,0,0,0,0,0,1,20,3,0,1.0,144,25,5.76
1,3,159,3,0,0,0,0,1,0,1,1,0,0,1,0,0,0,1.0,83,16,5.1875
1,2,2,3,1,1,0,0,1,1,0,2,0,0,1,0,0,0,3.0,12,2,6.0
0,2,3,0,2,0,5,1,0,0,0,0,0,0,2,0,0,0,3.0,78,15,5.2
0,7,1,0,0,1,6,1,1,1,0,0,0,0,2,0,0,0,4.0,540,113,4.778761061946903
1,14,2,31,1,0,1,0,1,1,2,2,2,0,1,0,0,0,1.0,60,13,4.615384615384615
1,2,2,0,2,0,1,0,2,0,0,2,0,0,6,50,0,0,12.0,3553,644,5.517080745341615
0,10,12,0,0,0,3,1,1,1,2,0,0,0,1,0,0,0,3.0,138,25,5.52
0,8,7,22,1,1,0,0,1,1,2,2,0,0,1,0,0,0,4.0,55,8,6.875
0,2,3,0,1,0,0,0,1,0,2,2,0,0,1,0,0,0,1.0,64,12,5.333333333333333
0,3,3,0,0,5,2,0,0,0,0,2,0,0,1,0,1,0,3.0,816,152,5.368421052631579
1,1,2,0,1,5,2,0,1,0,1,1,0,0,1,0,0,0,3.0,124,21,5.904761904761905
1,30,2,0,0,2,2,0,1,1,1,1,0,0,1,0,0,0,1.0,798,153,5.215686274509804
1,2,43,3,0,1,4,0,2,0,0,0,0,0,1,0,0,0,11.0,967,182,5.313186813186813
0,24,3,0,1,4,0,0,1,1,0,0,2,0,1,0,1,0,2.0,380,75,5.066666666666666
0,1,1,0,1,5,2,0,0,1,0,2,0,0,1,0,7,0,10.0,326,57,5.719298245614035
0,3,3,0,2,6,0,0,1,0,0,0,0,0,3,0,1,0,4.0,543,100,5.43
1,24,2,115,0,2,2,0,1,1,1,1,0,0,1,0,0,0,5.0,12,2,6.0
1,36,9,0,1,1,0,0,0,2,2,2,0,0,1,250,1,0,3.0,197,33,5.96969696969697
0,1,4,0,2,0,0,0,0,2,0,0,0,0,2,0,0,0,5.0,187,39,4.794871794871795
1,4,2,0,0,0,1,0,1,0,2,2,1,0,1,0,0,0,3.0,176,32,5.5
1,24,2,0,0,1,0,0,1,0,1,1,1,0,1,0,1,0,5.0,144,29,4.9655172413793105
0,4,3,0,0,4,4,1,1,0,1,1,0,0,1,50,0,0,1.0,708,128,5.53125
0,17,1,0,0,6,0,0,1,1,2,2,2,0,1,0,0,0,2.0,386,83,4.650602409638554
1,4,2,0,0,1,4,0,2,0,0,2,1,0,1,0,0,0,3.0,483,81,5.962962962962963
0,3,3,0,1,0,1,4,1,0,0,0,0,0,2,0,0,0,3.0,110,23,4.782608695652174
0,3,3,9,1,3,0,0,1,0,0,2,0,0,1,0,1,0,6.0,164,28,5.857142857142857
1,6,34,0,0,5,2,0,0,1,2,2,0,0,2,0,1,0,1.0,32,5,6.4
0,3,10,0,2,1,4,1,1,0,0,2,1,0,2,0,0,0,5.0,62,12,5.166666666666667
0,2,3,0,0,0,1,1,1,0,0,0,0,0,1,0,1,1,7.0,128,22,5.818181818181818
0,3,3,0,1,3,0,0,1,0,0,0,0,0,1,0,0,2,20.0,1964,398,4.934673366834171
0,3,1,0,2,0,3,1,1,1,0,2,0,0,2,0,0,0,6.0,93,16,5.8125
0,2,3,0,0,6,0,0,0,1,0,2,0,0,1,0,1,0,2.0,19,3,6.333333333333333
1,4,2,0,0,0,1,0,1,2,1,1,0,0,1,0,0,2,8.0,954,189,5.0476190476190474
0,2,3,0,1,0,0,0,1,0,2,2,0,0,1,0,1,0,7.0,827,159,5.20125786163522
0,13,1,6,1,5,2,0,1,1,2,2,0,0,2,0,0,0,3.0,244,41,5.951219512195122
0,24,3,0,0,0,1,0,1,0,2,2,2,0,1,100,0,0,7.0,322,56,5.75
0,2,0,26,2,0,1,2,1,0,0,0,0,0,4,0,0,0,4.0,149,27,5.518518518518518
1,24,2,0,0,0,1,1,1,1,1,1,1,0,1,0,0,0,1.0,51,9,5.666666666666667
0,1,26,0,2,0,3,1,1,1,0,0,0,0,3,0,0,0,3.0,125,24,5.208333333333333
1,12,2,3,1,1,2,0,1,0,0,2,0,0,1,0,3,0,1.0,23,4,5.75
0,3,1,0,2,0,3,0,1,1,0,0,0,0,3,0,0,0,3.0,557,111,5.018018018018018
0,1,3,0,0,2,0,0,0,0,0,0,0,0,1,0,0,0,1.0,183,36,5.083333333333333
0,1,3,0,1,6,0,0,0,0,0,2,0,1,1,0,1,0,3.0,497,104,4.778846153846154
0,2,3,0,1,0,0,0,1,0,2,2,0,0,1,100,0,0,3.0,683,124,5.508064516129032
1,3,2,0,1,1,2,0,1,0,2,2,2,0,1,0,0,0,20.0,369,64,5.765625
0,12,3,0,0,4,5,0,1,0,2,2,2,0,1,0,0,0,2.0,180,34,5.294117647058823
0,3,1,20,2,0,0,0,1,1,0,2,0,0,2,0,1,0,6.0,238,45,5.288888888888889
1,1,14,3,1,0,1,1,1,0,0,0,0,0,1,0,8,0,1.0,73,13,5.615384615384615
0,2,1,0,0,1,0,0,0,0,0,0,0,1,1,0,0,0,9.0,630,123,5.121951219512195
1,2,2,0,1,1,2,0,1,1,2,2,0,0,1,0,0,0,1.0,187,35,5.3428571428571425
1,2,2,0,1,0,1,0,1,0,1,2,0,0,1,0,0,0,3.0,164,31,5.290322580645161
1,7,18,0,0,3,0,0,3,2,2,2,1,0,1,500,0,0,5.0,117,20,5.85
1,24,2,0,1,0,1,1,1,1,2,2,1,0,1,0,3,0,1.0,155,27,5.7407407407407405
0,6,3,0,1,0,0,0,1,0,2,2,1,0,1,0,1,0,2.0,353,60,5.883333333333334
0,4,10,9,0,1,4,0,0,1,0,0,0,0,1,0,0,1,4.0,27,4,6.75
0,3,1,0,1,5,2,0,0,1,0,2,0,0,1,50,1,0,4.0,209,38,5.5
0,12,3,0,1,1,4,0,0,0,0,2,2,0,1,0,1,0,2.0,78,13,6.0
1,4,2,0,1,1,2,0,1,0,0,2,0,0,1,0,3,0,1.0,750,144,5.208333333333333
1,2,2,0,1,1,0,0,1,0,0,0,0,0,1,0,0,0,1.0,92,18,5.111111111111111
0,3,3,0,0,6,2,0,0,0,0,0,0,0,1,0,1,2,7.0,243,46,5.282608695652174
1,3,2,0,0,1,2,0,1,0,2,2,0,0,1,0,5,1,7.0,410,77,5.324675324675325
1,3,2,0,1,1,2,0,1,1,1,1,1,0,1,0,1,0,2.0,29,6,4.833333333333333
0,8,4,0,1,0,0,0,1,2,0,2,0,0,1,100,1,0,5.0,281,63,4.4603174603174605
0,3,3,1,0,4,2,0,1,1,0,0,0,0,1,0,0,0,3.0,59,13,4.538461538461538
0,4,1,0,1,4,0,0,1,1,2,2,0,0,2,0,0,0,5.0,312,60,5.2
0,4,3,0,1,0,6,3,1,1,0,2,0,0,1,30,0,0,1.0,410,76,5.394736842105263
0,0,3,0,2,0,5,3,0,0,0,0,0,0,6,0,0,0,5.0,155,31,5.0
0,4,1,0,0,0,1,3,1,1,0,0,0,0,1,0,1,0,4.0,48,7,6.857142857142857
1,12,25,3,0,0,1,0,1,0,1,1,1,0,2,0,0,0,3.0,339,60,5.65
0,5,26,9,1,0,5,1,1,1,0,2,0,0,1,0,0,0,4.0,259,41,6.317073170731708
1,12,2,3,1,0,1,1,2,0,2,2,2,1,1,100,9,0,2.0,247,44,5.613636363636363
1,9,9,0,1,0,1,1,0,2,2,2,0,0,1,599,1,0,5.0,436,74,5.891891891891892
1,2,2,3,1,0,1,1,1,0,0,0,0,0,1,0,0,0,2.0,340,70,4.857142857142857
1,4,2,0,2,6,4,0,1,1,2,2,0,0,2,0,5,0,3.0,248,47,5.276595744680851
0,2,3,0,0,5,2,0,1,0,2,2,0,0,1,0,0,0,5.0,613,119,5.151260504201681
0,1,1,0,0,4,5,0,2,1,0,0,0,0,1,0,0,0,3.0,99,17,5.823529411764706
0,4,7,1,0,1,4,0,1,2,2,2,1,0,1,0,0,0,1.0,322,65,4.953846153846154
1,0,2,0,2,0,1,1,0,0,0,0,0,0,6,0,0,0,22.0,125,23,5.434782608695652
1,19,2,58,2,0,1,1,1,0,1,1,1,0,3,0,1,0,16.0,697,127,5.488188976377953
0,2,0,1,0,0,0,0,1,2,0,0,0,0,1,0,0,0,2.0,341,63,5.412698412698413
0,12,4,0,0,3,2,0,1,2,1,1,1,0,1,0,0,0,10.0,8,2,4.0
0,2,3,0,0,1,0,0,1,0,1,1,0,0,1,0,0,0,2.0,80,13,6.153846153846154
0,4,7,0,1,0,1,0,0,1,1,2,1,0,1,50,1,0,2.0,257,45,5.711111111111111
1,48,20,0,0,4,2,0,2,2,1,1,1,0,1,0,0,0,1.0,16,3,5.333333333333333
1,7,2,0,0,2,0,0,1,0,2,2,2,0,1,0,0,1,1.0,230,45,5.111111111111111
1,24,2,3,0,1,2,0,1,0,2,2,2,0,1,0,0,2,5.0,1213,236,5.139830508474576
1,68,8,3,0,0,1,0,2,0,2,2,0,0,1,0,2,0,6.0,290,35,8.285714285714286
1,4,2,0,1,0,1,0,0,0,0,2,0,0,1,0,0,1,2.0,504,97,5.195876288659794
1,6,2,0,0,0,0,0,1,1,2,2,1,0,1,0,1,0,1.0,69,12,5.75
1,12,2,0,1,0,1,0,1,1,0,0,1,0,1,0,0,0,4.0,568,109,5.2110091743119265
1,12,5,0,1,3,2,0,1,2,1,1,0,0,1,0,0,0,3.0,204,40,5.1
0,6,3,0,1,0,0,0,0,0,0,2,0,0,1,0,2,0,5.0,47,8,5.875
1,1,2,3,0,1,2,0,1,0,0,2,0,0,1,0,0,0,1.0,60,13,4.615384615384615
1,36,2,0,0,0,1,0,1,0,0,0,0,1,1,0,0,0,3.0,449,84,5.345238095238095
1,2,2,0,0,0,2,0,1,0,0,2,0,0,1,0,0,0,4.0,279,45,6.2
1,2,2,0,0,0,1,0,1,0,2,2,0,0,1,0,0,0,4.0,72,13,5.538461538461538
1,1,2,0,1,0,1,1,1,0,0,0,0,0,1,0,0,0,2.0,275,50,5.5
0,12,3,0,1,1,0,0,0,0,2,2,2,0,1,0,1,0,5.0,152,26,5.846153846153846
1,3,2,0,2,1,2,0,0,0,0,0,0,0,6,0,0,0,2.0,156,31,5.032258064516129
1,5,2,0,2,1,4,0,1,1,2,2,0,0,2,0,1,0,5.0,187,31,6.032258064516129
1,12,51,3,1,4,5,0,0,0,1,1,1,0,1,0,1,0,5.0,405,79,5.1265822784810124
0,10,149,0,1,3,2,0,1,1,2,2,2,0,1,50,1,0,1.0,89,14,6.357142857142857
0,4,3,0,0,1,2,0,1,0,0,2,2,0,1,0,0,0,2.0,180,31,5.806451612903226
1,96,34,24,1,5,2,0,0,1,2,2,1,0,1,0,0,0,2.0,443,67,6.611940298507463
0,54,1,0,0,0,3,1,1,1,2,2,2,0,1,0,0,0,5.0,1010,209,4.832535885167464
0,12,3,0,1,3,0,0,1,0,2,2,2,0,1,0,0,0,15.0,121,23,5.260869565217392
1,3,14,3,1,5,2,0,1,1,1,1,1,0,1,0,0,0,1.0,381,73,5.219178082191781
1,9,2,0,1,0,2,0,2,1,1,1,1,0,1,0,0,0,1.0,415,76,5.4605263157894735
1,24,16,0,0,0,2,0,1,1,0,2,2,0,1,0,2,0,1.0,84,19,4.421052631578948
1,2,2,3,2,0,1,4,1,1,0,0,0,0,4,1,0,0,5.0,250,43,5.813953488372093
1,84,20,0,0,4,2,0,2,1,1,1,1,0,1,0,1,0,2.0,341,71,4.802816901408451
0,1,3,0,1,0,0,0,0,0,0,0,1,0,1,0,1,1,3.0,300,55,5.454545454545454
1,84,2,0,1,1,2,0,1,0,2,2,2,0,1,0,0,0,1.0,637,124,5.137096774193548
0,10,3,0,0,0,2,0,2,0,0,0,0,0,1,0,1,0,2.0,56,10,5.6
1,4,2,3,0,6,2,0,0,0,2,2,1,0,1,0,1,0,3.0,184,37,4.972972972972973
0,2,3,0,0,0,0,0,1,0,0,0,0,0,2,0,7,0,3.0,616,97,6.350515463917525
1,1,2,0,0,0,4,0,0,1,0,0,0,0,1,0,1,0,3.0,123,21,5.857142857142857
0,10,3,19,1,0,5,1,1,0,2,2,2,0,1,0,0,0,2.0,741,124,5.975806451612903
1,12,14,0,0,0,0,0,2,0,1,1,0,0,1,0,0,0,6.0,355,67,5.298507462686567
1,24,2,0,1,0,1,0,1,0,2,2,2,0,1,0,0,0,5.0,384,73,5.260273972602739
1,24,2,0,1,0,0,0,1,0,0,2,1,0,1,0,3,0,4.0,387,67,5.776119402985074
1,2,2,3,0,0,0,0,1,1,2,2,0,0,1,0,0,0,3.0,12,2,6.0
1,8,2,0,0,1,0,0,1,0,2,2,0,0,1,0,1,0,2.0,1262,245,5.151020408163265
0,5,1,0,0,0,2,0,1,1,0,2,1,0,1,0,0,0,1.0,59,6,9.833333333333334
1,3,2,11,0,2,2,0,2,0,0,0,1,0,1,0,5,0,2.0,608,109,5.577981651376147
0,2,4,0,0,3,0,0,0,2,1,1,1,0,1,0,1,0,5.0,648,112,5.785714285714286
0,3,1,0,0,4,2,0,1,1,0,0,0,0,4,0,5,0,1.0,35,7,5.0
0,18,1,0,2,1,2,0,1,1,0,0,0,0,4,0,7,0,2.0,225,35,6.428571428571429
1,24,2,0,1,1,0,0,1,0,2,2,2,0,1,0,0,0,2.0,246,49,5.020408163265306
1,2,2,0,1,1,2,0,1,0,0,0,0,0,1,0,0,0,4.0,1141,229,4.9825327510917035
0,3,1,0,0,3,0,0,1,1,2,2,0,0,1,50,0,0,7.0,409,85,4.811764705882353
0,27,1,6,1,4,5,2,1,1,0,0,2,0,1,0,1,0,4.0,5,1,5.0
0,12,3,0,1,0,1,4,1,1,1,1,1,1,1,0,1,0,0.0,535,100,5.35
1,1,2,0,1,0,2,0,2,0,2,2,0,0,2,0,1,0,1.0,149,23,6.478260869565218
0,24,7,0,0,6,2,0,3,2,2,2,2,0,1,0,0,0,2.0,106,20,5.3
1,4,48,3,2,0,1,0,1,0,0,2,0,0,2,0,0,0,6.0,403,74,5.445945945945946
0,3,3,0,0,2,0,0,1,0,2,2,0,0,3,0,0,0,5.0,271,51,5.313725490196078
0,3,3,0,1,0,1,1,0,0,2,2,0,0,1,0,0,0,1.0,194,31,6.258064516129032
0,3,3,0,0,1,4,0,0,0,0,2,0,0,1,0,1,0,3.0,96,21,4.571428571428571
1,18,2,0,0,1,4,1,1,1,1,1,1,0,1,0,0,0,3.0,359,69,5.202898550724638
0,4,10,6,1,5,2,0,1,1,0,2,0,0,1,0,0,0,2.0,440,85,5.176470588235294
1,12,2,0,0,0,2,0,1,0,2,2,0,0,1,0,0,0,3.0,80,14,5.714285714285714
1,7,2,0,1,0,2,0,1,0,2,2,2,0,1,0,0,0,3.0,247,51,4.8431372549019605
1,48,2,0,1,1,4,0,1,0,0,0,2,0,1,0,0,0,5.0,225,39,5.769230769230769
1,1,2,3,0,0,1,0,1,1,0,2,0,0,1,0,0,0,3.0,12,2,6.0
1,1,2,3,1,0,1,1,1,1,0,2,0,0,1,0,0,0,3.0,12,2,6.0
1,4,2,0,1,0,1,0,0,1,2,2,2,0,3,0,0,0,2.0,137,23,5.956521739130435
1,2,2,0,2,0,1,1,1,0,0,0,0,0,2,0,0,0,21.0,1510,276,5.471014492753623
0,1,1,0,0,0,0,0,1,1,0,0,0,0,1,0,0,0,1.0,82,14,5.857142857142857
1,84,2,0,0,6,2,0,1,1,2,2,2,0,1,0,3,0,1.0,180,28,6.428571428571429
1,2,2,0,0,0,1,1,1,0,2,2,0,0,1,0,1,0,2.0,120,25,4.8
0,18,3,0,0,0,2,0,2,0,2,2,0,0,1,0,0,0,5.0,270,52,5.1923076923076925
0,10,3,8,0,3,0,0,1,0,2,2,2,0,1,0,0,0,2.0,205,43,4.767441860465116
1,24,2,0,2,0,4,1,1,0,0,2,1,0,5,0,7,0,5.0,99,16,6.1875
0,1,3,126,1,3,2,0,1,0,2,2,1,0,4,0,2,0,5.0,176,32,5.5
0,2,3,0,1,0,1,3,0,1,2,2,1,1,1,0,0,0,3.0,223,44,5.068181818181818
0,84,3,0,1,3,0,0,1,0,2,2,2,0,1,0,0,0,1.0,246,48,5.125
0,2,3,0,0,0,0,0,0,0,0,0,1,0,1,0,1,0,2.0,105,19,5.526315789473684
0,4,3,0,1,0,1,1,1,1,0,0,0,1,2,0,0,3,3.0,519,94,5.5212765957446805
0,5,1,10,1,0,6,1,0,0,2,2,0,0,1,100,0,0,2.0,58,6,9.666666666666666
0,2,59,1,1,2,2,0,1,2,0,2,0,0,1,650,0,0,6.0,60,12,5.0
0,2,3,0,1,5,2,0,1,0,2,2,0,0,1,30,0,0,1.0,368,67,5.492537313432836
0,1,3,6,1,0,1,1,0,0,0,0,0,0,4,0,1,0,2.0,546,106,5.150943396226415
0,6,3,0,0,1,0,0,1,0,2,2,0,0,1,0,0,0,4.0,583,120,4.858333333333333
0,6,3,0,1,1,5,1,1,0,2,2,2,0,1,0,0,0,5.0,280,52,5.384615384615385
1,2,28,3,1,1,0,0,1,0,0,2,0,0,1,0,0,0,7.0,194,35,5.542857142857143
1,2,2,0,1,0,1,1,1,0,0,0,0,0,4,0,0,0,4.0,177,32,5.53125
0,3,10,9,0,2,0,0,0,0,2,2,0,0,1,0,0,0,1.0,67,11,6.090909090909091
0,2,3,0,1,0,2,0,0,1,0,2,0,0,1,0,0,0,3.0,216,44,4.909090909090909
0,2,7,1,2,0,5,1,0,2,0,0,0,0,4,300,0,0,5.0,118,21,5.619047619047619
1,1,2,0,0,1,2,0,1,0,0,2,0,0,1,0,1,0,3.0,314,60,5.233333333333333
1,8,2,0,1,4,2,0,1,0,2,2,2,0,1,0,0,2,8.0,2498,482,5.182572614107884
1,2,2,0,1,0,1,0,1,1,2,2,0,0,1,50,0,0,3.0,58,12,4.833333333333333
0,8,61,118,1,0,1,3,1,2,0,0,0,0,1,100,0,0,4.0,204,41,4.975609756097561
0,7,3,0,0,6,0,0,1,0,0,2,2,0,1,0,0,0,1.0,263,49,5.36734693877551
1,60,2,0,0,1,2,0,1,1,1,2,2,0,1,0,1,0,6.0,718,123,5.837398373983739
1,60,100,125,1,0,0,0,1,1,2,2,2,0,1,0,0,0,1.0,416,81,5.135802469135802
1,60,2,3,1,0,2,0,1,1,1,1,1,0,1,0,0,0,3.0,69,12,5.75
1,3,2,0,2,0,5,0,1,1,0,0,0,1,2,0,1,0,4.0,213,36,5.916666666666667
1,12,57,14,0,0,0,0,1,0,0,0,0,0,2,100,0,1,5.0,919,169,5.437869822485207
1,4,28,3,1,1,2,0,1,0,2,2,1,0,1,120,1,0,8.0,13,3,4.333333333333333
0,12,1,0,1,0,2,0,2,1,1,1,1,0,1,0,3,0,2.0,479,91,5.263736263736264
0,2,3,0,0,2,0,0,1,0,0,2,0,0,1,0,9,2,4.0,642,118,5.440677966101695
1,1,2,3,0,0,1,1,1,0,0,2,0,0,3,0,1,0,4.0,679,122,5.565573770491803
0,3,3,0,0,0,0,0,1,0,2,2,0,0,1,50,1,0,6.0,1049,199,5.271356783919598
1,1,2,3,0,0,1,3,1,1,2,2,0,0,1,0,0,0,1.0,297,52,5.711538461538462
0,1,3,0,2,0,0,0,0,0,0,0,0,0,5,0,0,0,8.0,567,107,5.299065420560748
1,1,2,0,2,0,1,2,1,1,2,2,0,0,5,0,1,0,11.0,393,73,5.383561643835616
1,1,2,0,1,0,1,0,1,1,0,0,0,0,1,0,2,1,5.0,700,133,5.2631578947368425
0,7,3,0,0,0,2,0,0,0,2,2,2,0,1,10,3,0,1.0,709,123,5.764227642276423
1,3,2,0,1,6,4,0,1,1,2,2,1,0,1,100,3,0,2.0,72,14,5.142857142857143
0,7,4,10,1,0,3,0,1,2,1,1,1,0,1,250,0,0,1.0,300,56,5.357142857142857
1,3,2,0,1,1,2,0,1,0,0,2,0,0,1,0,2,0,1.0,314,62,5.064516129032258
0,1,0,9,0,4,2,0,0,0,0,0,0,0,1,0,0,0,3.0,121,23,5.260869565217392
1,2,2,0,1,0,3,1,1,2,2,2,0,0,1,0,0,0,5.0,395,55,7.181818181818182
0,6,94,0,2,6,0,0,1,0,0,0,0,0,5,0,5,0,3.0,826,126,6.555555555555555
0,5,3,0,1,1,2,0,0,0,2,2,0,0,1,0,5,0,2.0,391,74,5.283783783783784
0,2,31,6,0,0,0,0,2,1,0,2,1,0,1,0,0,0,3.0,399,67,5.955223880597015
1,2,2,0,2,0,1,2,1,0,2,2,2,0,2,200,0,0,7.0,1718,328,5.237804878048781
0,12,81,0,2,1,0,0,1,1,2,2,2,0,2,0,5,0,5.0,1001,194,5.15979381443299
1,2,2,0,1,1,0,0,1,0,1,1,0,0,1,0,0,0,1.0,76,13,5.846153846153846
1,2,2,3,0,0,1,1,1,1,2,2,0,0,1,0,0,0,5.0,12,2,6.0
0,10,3,9,1,3,0,0,1,0,2,2,2,0,1,0,1,0,3.0,86,14,6.142857142857143
0,1,4,0,1,0,1,1,1,2,0,0,0,0,1,0,0,0,4.0,162,30,5.4
1,2,2,0,0,5,2,0,1,0,2,2,0,0,2,0,1,0,11.0,347,66,5.257575757575758
1,1,2,0,2,0,1,2,1,1,0,2,0,0,3,0,0,0,5.0,320,41,7.804878048780488
0,2,3,0,0,5,2,0,0,0,2,2,0,0,1,0,0,0,3.0,25,3,8.333333333333334
1,3,2,0,1,1,2,0,2,0,0,2,0,0,1,0,8,0,6.0,247,45,5.488888888888889
1,4,2,0,1,0,1,0,0,0,1,1,1,0,1,0,0,0,2.0,256,54,4.7407407407407405
0,17,3,0,1,0,1,1,1,0,0,0,0,0,1,0,0,0,1.0,193,30,6.433333333333334
0,12,3,0,1,3,0,0,0,0,2,2,2,0,1,0,1,0,6.0,1048,212,4.943396226415095
0,2,1,0,1,5,2,0,0,1,2,2,0,0,1,0,9,0,3.0,255,41,6.219512195121951
0,2,3,0,0,0,2,0,0,0,0,0,0,0,1,0,1,0,4.0,508,102,4.980392156862745
1,0,69,0,2,0,1,4,0,1,0,0,0,0,8,0,0,0,5.0,1346,273,4.930402930402931
0,12,1,0,1,0,6,1,1,1,0,0,0,0,1,0,0,0,6.0,283,49,5.775510204081633
0,3,26,8,1,6,4,1,1,0,2,2,0,0,1,0,0,2,9.0,375,71,5.28169014084507
1,2,2,0,1,0,0,0,1,0,0,0,0,0,1,20,3,0,1.0,201,32,6.28125
0,4,4,9,2,0,1,1,1,1,1,1,1,1,8,0,0,0,5.0,59,10,5.9
0,1,3,6,0,4,0,0,1,0,0,0,0,0,1,50,0,0,6.0,601,110,5.463636363636364
1,2,2,3,0,1,0,0,1,0,0,0,0,0,1,100,0,0,2.0,23,4,5.75
1,3,2,0,1,0,1,0,1,0,1,1,0,0,2,0,0,0,1.0,12,2,6.0
1,2,2,0,1,0,0,0,1,0,2,2,0,0,1,0,0,0,1.0,117,21,5.571428571428571
0,1,0,0,2,1,4,1,1,0,0,0,1,0,3,0,0,0,4.0,114,21,5.428571428571429
0,2,1,6,2,0,5,0,1,1,0,0,0,0,4,0,1,0,1.0,290,62,4.67741935483871
1,3,2,0,1,0,1,1,1,1,0,2,0,0,1,0,0,0,1.0,312,57,5.473684210526316
0,3,81,0,0,5,2,0,0,0,1,1,1,0,1,0,1,0,1.0,319,59,5.406779661016949
0,4,3,0,0,0,2,0,0,0,0,2,0,0,1,0,1,0,6.0,670,116,5.775862068965517
0,2,3,0,1,0,0,0,1,0,0,0,0,0,1,0,1,0,5.0,286,50,5.72
0,0,3,0,2,0,3,1,1,1,0,0,0,0,3,0,1,0,0.0,567,92,6.163043478260869
1,24,19,3,0,0,2,0,1,1,2,2,0,0,1,0,0,0,2.0,72,12,6.0
0,2,3,0,1,0,0,0,1,0,2,2,0,0,1,0,1,0,1.0,161,29,5.551724137931035
1,2,2,0,0,0,4,1,1,0,2,2,0,0,1,0,1,0,3.0,195,32,6.09375
1,12,51,0,0,0,1,0,1,1,1,1,1,0,1,0,0,0,1.0,432,80,5.4
0,36,36,0,1,1,4,1,0,0,2,2,2,0,1,250,1,0,1.0,104,18,5.777777777777778
0,24,4,0,0,0,2,0,1,2,2,2,2,0,1,0,1,0,2.0,444,83,5.349397590361446
1,1,2,0,0,0,0,0,1,1,1,1,0,0,1,0,0,0,1.0,88,16,5.5
1,48,8,0,0,0,1,0,2,0,2,2,0,0,1,0,0,0,2.0,457,91,5.021978021978022
0,8,105,0,1,0,5,0,1,1,2,2,2,0,1,0,1,0,4.0,36,5,7.2
0,3,0,8,0,1,3,1,0,0,0,2,0,0,1,0,0,0,5.0,116,21,5.523809523809524
0,7,59,22,0,1,2,0,1,2,2,2,0,0,1,0,1,0,3.0,435,85,5.117647058823529
0,2,1,9,0,0,0,0,0,1,0,0,0,1,1,0,0,0,3.0,125,23,5.434782608695652
1,10,2,3,1,5,2,0,1,1,0,1,1,0,1,0,0,0,1.0,29,5,5.8
1,6,2,0,1,1,2,0,1,0,1,2,1,0,1,0,0,0,5.0,434,85,5.105882352941176
1,12,2,0,2,0,1,0,1,1,0,2,2,0,2,0,0,0,5.0,430,72,5.972222222222222
1,12,2,0,1,4,5,0,1,0,1,1,1,0,7,0,3,0,1.0,301,58,5.189655172413793
0,3,3,0,1,1,6,3,0,0,0,0,0,0,1,0,0,0,15.0,67,11,6.090909090909091
1,3,2,0,0,1,2,0,1,0,0,2,0,0,1,0,0,0,3.0,420,82,5.121951219512195
0,1,3,0,1,0,0,0,1,0,0,2,0,0,1,0,1,0,3.0,307,57,5.385964912280702
1,1,2,0,1,0,0,0,1,1,0,0,0,0,1,0,0,0,7.0,372,69,5.391304347826087
1,12,2,0,2,1,2,0,1,1,1,1,1,0,4,0,1,0,5.0,2150,366,5.8743169398907105
1,12,2,0,0,0,1,0,1,0,2,2,2,0,1,0,0,0,2.0,139,25,5.56
1,24,5,3,0,1,4,0,1,1,2,2,2,0,1,0,0,2,8.0,370,69,5.36231884057971
0,6,3,0,0,0,6,0,2,0,2,2,2,0,2,60,0,0,3.0,600,106,5.660377358490566
0,4,3,0,1,0,6,1,1,0,0,0,0,0,1,0,0,0,7.0,368,63,5.841269841269841
1,1,8,3,0,0,1,0,1,1,0,0,0,0,1,0,0,0,5.0,35,6,5.833333333333333
0,2,3,9,2,0,3,1,1,0,0,0,0,0,4,0,0,0,8.0,781,146,5.3493150684931505
0,4,3,0,1,4,2,0,1,0,2,2,2,0,1,100,0,0,2.0,150,21,7.142857142857143
0,4,1,0,1,0,0,0,1,1,0,0,0,0,1,0,1,0,3.0,52,11,4.7272727272727275
0,15,3,0,0,6,0,0,2,0,2,2,2,0,1,0,1,0,2.0,137,22,6.2272727272727275
1,108,2,0,0,2,0,0,1,0,1,1,0,1,1,0,0,0,2.0,183,36,5.083333333333333
1,1,2,0,0,0,1,0,1,0,1,1,0,0,1,0,0,0,5.0,126,22,5.7272727272727275
0,1,3,0,1,5,2,0,0,0,0,0,0,0,1,0,1,0,5.0,224,40,5.6
0,5,3,0,0,4,4,1,1,0,0,2,0,0,1,0,1,0,5.0,292,53,5.509433962264151
1,2,14,33,2,0,1,2,1,1,0,0,0,0,6,0,0,0,1.0,206,37,5.5675675675675675
1,2,2,0,1,1,2,0,1,1,1,1,1,0,1,0,6,0,1.0,64,11,5.818181818181818
1,9,18,132,0,0,0,0,1,1,2,2,1,0,1,250,0,2,5.0,631,119,5.302521008403361
0,4,3,0,2,0,3,1,1,0,0,2,0,0,4,0,0,0,1.0,489,91,5.373626373626373
0,4,3,0,1,0,0,0,1,0,0,0,0,0,1,0,0,1,8.0,719,145,4.958620689655173
1,16,13,0,1,5,2,0,1,1,2,2,0,0,1,300,0,0,5.0,113,20,5.65
1,2,2,3,0,0,2,0,0,0,0,2,0,0,1,0,2,0,1.0,89,16,5.5625
1,3,2,0,2,0,1,2,1,0,0,2,0,0,2,0,2,0,1.0,441,84,5.25
0,2,1,0,2,0,1,1,1,1,0,2,0,0,3,0,0,0,1.0,199,36,5.527777777777778
0,12,7,0,0,0,0,0,1,1,2,2,0,0,1,0,2,0,2.0,153,30,5.1
1,2,2,0,0,4,2,0,1,0,0,2,2,0,1,150,1,1,8.0,322,59,5.4576271186440675
0,1,3,26,0,4,2,0,0,0,0,2,0,0,1,0,0,0,12.0,665,116,5.732758620689655
1,12,2,33,0,0,1,1,1,0,2,2,2,0,1,0,0,0,3.0,306,61,5.016393442622951
0,10,10,0,2,0,1,1,2,1,0,0,1,0,3,30,0,0,7.0,287,61,4.704918032786885
0,0,1,0,0,0,0,0,1,1,0,0,0,1,1,0,1,0,4.0,348,74,4.702702702702703
1,48,9,0,1,1,4,0,0,2,2,2,2,0,1,0,7,0,1.0,70,15,4.666666666666667
0,48,0,0,2,1,6,4,1,1,2,2,2,0,2,0,1,0,5.0,357,65,5.492307692307692
0,3,3,1,1,0,1,2,0,1,0,0,0,0,2,100,0,0,3.0,88,15,5.866666666666666
1,60,2,30,0,0,4,1,1,1,2,2,2,0,1,0,2,0,2.0,543,96,5.65625
1,5,2,31,1,0,5,0,2,0,2,2,0,0,1,0,0,0,3.0,564,106,5.320754716981132
1,43,2,0,2,1,2,0,1,0,2,2,2,0,2,0,0,0,4.0,1742,330,5.278787878787878
0,1,1,0,1,0,1,1,1,1,1,1,1,0,1,0,1,0,4.0,168,32,5.25
0,9,3,0,0,6,2,0,2,0,2,2,0,0,1,0,1,0,1.0,311,59,5.271186440677966
0,5,3,10,2,0,1,0,0,0,2,2,2,0,2,0,1,0,1.0,151,28,5.392857142857143
1,10,2,0,1,1,6,0,1,1,2,2,0,0,2,0,1,0,2.0,597,120,4.975
0,4,3,0,1,0,2,0,1,0,2,2,0,0,1,0,0,0,5.0,321,61,5.262295081967213
1,32,66,0,0,1,5,0,1,1,2,2,2,0,1,0,0,0,2.0,14,2,7.0
1,15,25,0,1,0,1,0,2,0,2,2,0,0,1,0,0,0,4.0,570,101,5.643564356435643
1,1,2,33,2,0,1,0,1,0,0,0,0,0,6,0,1,0,1.0,192,37,5.1891891891891895
0,6,61,10,1,1,5,1,1,1,2,2,0,0,1,100,0,0,1.0,113,22,5.136363636363637
0,1,3,0,1,0,1,1,0,0,0,0,0,0,1,0,1,0,1.0,231,42,5.5
1,36,20,35,1,1,4,0,2,2,1,2,1,0,1,0,0,0,5.0,442,86,5.1395348837209305
1,7,14,3,1,5,2,0,1,0,2,2,2,0,1,0,0,1,6.0,2936,539,5.447124304267161
1,19,2,7,0,0,1,0,1,0,2,2,0,0,1,0,0,0,3.0,206,39,5.282051282051282
0,4,3,0,0,0,0,0,1,0,0,2,0,0,2,0,7,0,1.0,423,72,5.875
1,4,2,0,0,1,2,0,1,1,2,2,0,0,1,350,5,0,19.0,1660,312,5.32051282051282
0,8,3,0,0,3,0,0,1,1,2,2,0,0,1,150,1,0,3.0,157,31,5.064516129032258
0,36,3,0,1,0,2,0,0,0,2,2,2,0,1,0,0,0,6.0,164,26,6.3076923076923075
1,72,11,0,0,1,0,0,1,0,2,2,2,0,1,250,1,0,1.0,1322,244,5.418032786885246
1,12,2,0,0,1,4,0,1,1,1,1,1,0,1,0,1,0,2.0,1567,264,5.9356060606060606
1,1,2,0,1,0,0,0,1,0,0,0,0,0,1,0,0,0,6.0,845,133,6.353383458646617
0,2,1,0,1,1,2,0,2,1,0,2,1,0,1,0,0,0,2.0,80,14,5.714285714285714
0,4,1,0,0,5,2,0,1,1,2,2,0,0,1,0,0,0,1.0,125,17,7.352941176470588
0,2,3,9,1,0,0,0,1,0,0,2,0,0,5,0,3,0,5.0,382,68,5.617647058823529
1,0,2,0,2,0,1,0,0,0,0,0,0,0,9,0,0,0,4.0,955,185,5.162162162162162
1,3,2,0,1,0,2,0,1,0,0,0,2,0,1,0,0,0,1.0,168,31,5.419354838709677
1,36,21,0,2,1,3,1,2,1,2,0,2,0,4,320,0,0,4.0,408,78,5.230769230769231
0,2,3,0,0,0,1,1,2,0,2,2,0,0,1,0,0,0,5.0,65,10,6.5
1,29,2,0,1,4,2,0,1,0,0,0,1,0,1,0,1,0,4.0,499,95,5.252631578947368
1,3,2,0,1,0,1,1,1,1,0,2,0,0,3,0,1,0,8.0,701,133,5.2706766917293235
1,5,2,0,1,1,2,0,1,0,2,2,2,0,1,0,1,0,5.0,141,26,5.423076923076923
1,24,2,33,1,0,1,0,1,1,2,2,1,0,1,0,1,0,3.0,700,128,5.46875
1,4,2,0,1,1,2,0,1,0,2,2,0,0,1,0,1,0,4.0,122,19,6.421052631578948
0,2,3,9,0,0,0,0,0,0,0,0,0,0,1,0,1,0,3.0,587,113,5.1946902654867255
1,12,2,0,1,1,2,0,1,0,2,2,2,0,1,0,1,0,7.0,383,74,5.175675675675675
1,4,14,3,1,2,2,0,2,1,1,1,0,0,1,0,0,0,5.0,219,43,5.093023255813954
0,6,3,9,0,0,3,0,0,0,0,2,2,0,1,0,0,0,1.0,189,34,5.5588235294117645
1,4,2,58,0,1,2,0,2,0,2,2,0,0,1,235,0,0,4.0,855,153,5.588235294117647
1,48,5,28,1,2,2,0,1,2,2,2,2,0,1,0,0,0,3.0,604,126,4.7936507936507935
0,4,3,0,0,0,2,0,1,0,0,0,0,0,1,0,1,0,5.0,299,57,5.245614035087719
1,3,2,0,0,0,1,0,1,0,2,2,0,0,1,0,0,0,1.0,100,20,5.0
0,3,3,0,1,3,0,0,0,0,0,0,0,0,1,0,9,0,1.0,103,15,6.866666666666666
0,18,3,8,1,1,0,0,2,0,0,2,0,0,1,0,1,0,4.0,22,3,7.333333333333333
1,12,2,0,2,1,2,0,1,1,1,1,1,0,2,0,1,0,4.0,2150,366,5.8743169398907105
1,2,2,3,1,0,1,0,1,0,1,1,1,0,1,0,0,0,2.0,211,40,5.275
1,18,9,0,0,1,6,2,1,1,2,2,0,0,1,150,0,0,2.0,102,17,6.0
1,9,2,0,0,1,2,0,1,0,2,2,2,0,1,0,0,0,2.0,45,8,5.625
0,1,32,0,0,1,4,3,1,2,2,2,0,0,1,250,0,0,8.0,1403,246,5.703252032520325
0,2,1,0,1,0,3,0,1,1,0,2,0,0,1,50,0,0,11.0,1346,259,5.196911196911197
0,2,3,0,2,1,5,1,1,0,1,1,1,1,2,0,3,0,4.0,316,62,5.096774193548387
0,24,30,44,1,5,2,0,1,0,2,2,0,1,1,1,0,0,2.0,66,12,5.5
0,84,7,74,1,2,2,0,1,2,2,2,2,0,2,0,1,0,2.0,583,111,5.252252252252252
1,17,2,0,1,0,1,0,0,0,2,2,2,0,1,100,0,0,2.0,140,24,5.833333333333333
0,4,3,0,1,3,2,0,1,0,0,0,0,0,1,50,0,0,6.0,211,43,4.906976744186046
1,2,2,0,1,1,0,0,1,0,1,1,0,0,1,0,0,0,9.0,275,45,6.111111111111111
0,24,3,0,1,6,2,0,1,0,2,2,0,0,1,0,1,0,6.0,52,10,5.2
1,3,8,3,0,0,5,0,1,1,2,2,0,0,1,0,1,0,4.0,485,88,5.511363636363637
0,1,3,0,0,6,0,0,1,0,0,2,0,0,1,0,0,0,3.0,54,9,6.0
1,1,2,0,1,0,1,1,1,1,0,0,0,0,1,0,3,0,1.0,105,15,7.0
0,2,36,6,0,0,3,1,0,1,0,2,0,0,1,50,0,0,5.0,241,38,6.342105263157895
0,3,3,0,2,6,4,1,1,0,0,2,0,0,2,0,1,0,4.0,179,33,5.424242424242424
1,2,2,3,2,0,1,1,1,1,2,2,0,0,4,100,0,0,14.0,282,59,4.779661016949152
1,3,2,0,1,0,2,0,1,1,2,2,0,0,1,0,0,0,1.0,107,23,4.6521739130434785
1,1,2,0,2,0,1,2,1,1,0,0,0,0,5,0,0,0,11.0,324,43,7.534883720930233
0,2,3,0,1,0,1,1,1,0,1,1,0,0,1,0,3,0,3.0,230,42,5.476190476190476
0,4,3,0,0,0,1,1,2,0,0,0,0,0,1,0,1,0,3.0,1,1,1.0
0,4,0,9,0,1,4,1,1,0,0,0,0,0,1,0,1,0,3.0,312,56,5.571428571428571
1,2,2,0,0,0,1,0,0,0,0,0,2,0,1,0,9,0,1.0,19,4,4.75
1,9,2,0,1,5,2,0,1,0,2,2,2,0,1,0,1,0,2.0,361,68,5.3088235294117645
0,2,1,8,2,2,3,0,1,1,0,0,0,0,5,0,0,0,1.0,105,19,5.526315789473684
0,60,10,0,1,1,2,0,2,0,2,2,2,0,1,0,1,0,2.0,57,9,6.333333333333333
1,2,2,0,0,0,1,1,1,0,2,2,0,0,1,0,0,0,6.0,400,78,5.128205128205129
0,48,1,0,0,3,0,0,1,0,2,2,2,0,1,0,0,0,4.0,879,152,5.782894736842105
0,1,0,0,1,0,1,3,1,0,2,2,0,0,1,0,0,0,12.0,342,58,5.896551724137931
1,2,2,0,1,0,0,0,1,0,0,0,0,0,1,0,0,0,2.0,175,34,5.147058823529412
1,1,2,0,1,0,1,1,1,0,1,2,1,0,1,0,2,3,4.0,728,140,5.2
1,48,48,0,1,0,1,0,0,0,2,2,2,0,1,0,0,0,2.0,377,66,5.712121212121212
1,20,2,58,0,0,1,0,1,0,2,2,2,0,1,0,1,0,2.0,111,17,6.529411764705882
0,6,1,0,0,0,0,0,2,1,0,0,0,0,1,0,0,0,4.0,353,63,5.603174603174603
0,1,3,0,2,5,2,0,0,0,0,0,0,0,2,0,0,0,2.0,1046,213,4.910798122065728
0,1,3,0,0,0,4,1,0,0,0,0,0,0,1,0,0,0,4.0,232,44,5.2727272727272725
0,12,3,0,1,0,1,1,1,0,2,2,2,0,1,0,0,0,6.0,91,18,5.055555555555555
0,60,0,0,0,0,1,2,3,1,2,2,2,0,3,0,1,0,4.0,212,40,5.3
1,2,2,3,0,0,1,5,0,0,0,0,1,0,2,0,0,0,5.0,254,43,5.906976744186046
0,4,3,0,1,0,2,0,1,0,0,0,0,0,1,5,0,0,1.0,355,68,5.220588235294118
1,8,48,0,0,1,2,0,0,0,2,2,2,0,1,0,1,0,3.0,180,32,5.625
1,2,2,0,1,1,0,0,0,0,2,2,2,0,1,0,0,0,4.0,189,30,6.3
0,3,3,0,0,6,0,0,1,0,0,2,0,0,1,0,0,0,4.0,145,25,5.8
1,60,16,3,1,4,4,1,1,1,2,2,2,0,1,0,0,0,0.0,642,111,5.783783783783784
1,2,2,0,2,0,0,0,1,1,0,0,0,0,5,8,5,0,5.0,299,65,4.6
0,7,3,0,1,1,0,0,1,1,0,0,0,0,3,0,1,0,3.0,46,8,5.75
1,84,97,0,1,0,6,1,0,0,2,2,0,0,1,0,0,0,1.0,543,103,5.271844660194175
0,3,3,23,1,1,6,0,1,0,2,2,2,0,1,150,0,0,3.0,763,139,5.489208633093525
1,48,2,0,1,1,2,0,1,0,2,2,2,0,1,100,0,0,1.0,65,11,5.909090909090909
1,1,2,3,0,0,1,0,1,1,0,2,0,0,1,0,0,0,1.0,14,3,4.666666666666667
0,7,3,0,0,0,3,0,1,0,2,2,2,0,1,0,0,0,1.0,95,21,4.523809523809524
0,6,36,9,1,0,1,1,1,0,0,0,0,0,2,50,0,0,2.0,14,2,7.0
1,3,2,0,2,0,1,2,1,0,1,1,1,0,2,0,1,0,2.0,172,28,6.142857142857143
0,2,3,0,0,0,2,0,0,0,1,1,1,0,1,0,0,0,2.0,237,47,5.042553191489362
0,2,3,0,1,1,2,0,0,0,2,2,0,0,1,50,0,0,1.0,62,12,5.166666666666667
1,1,2,3,1,0,1,0,1,1,0,2,0,0,1,0,0,0,5.0,248,36,6.888888888888889
1,38,11,0,0,1,0,0,0,0,2,2,2,0,1,0,0,0,2.0,151,27,5.592592592592593
1,4,2,35,1,0,1,0,1,1,0,2,0,2,1,100,6,0,0.0,302,56,5.392857142857143
1,1,9,128,2,0,0,0,1,1,0,0,0,0,5,0,0,0,0.0,218,36,6.055555555555555
1,3,2,0,1,1,4,0,1,1,0,0,0,0,1,0,0,2,3.0,370,74,5.0
1,17,101,79,0,1,2,0,2,0,2,2,2,0,1,300,0,0,2.0,453,90,5.033333333333333
0,24,59,0,1,1,3,1,1,2,2,2,2,0,1,400,0,1,10.0,1682,284,5.922535211267606
0,2,3,26,2,1,6,3,0,0,0,0,0,0,2,0,3,1,8.0,2765,478,5.7845188284518825
0,5,3,20,2,0,1,1,1,0,0,2,0,0,2,50,1,0,9.0,440,85,5.176470588235294
1,2,2,0,1,0,4,0,1,0,2,2,0,0,1,0,0,0,6.0,298,60,4.966666666666667
1,5,152,3,0,1,4,0,2,0,1,1,1,0,1,0,0,0,3.0,216,39,5.538461538461538
0,3,3,0,0,4,2,0,1,0,2,2,0,0,1,0,0,0,6.0,118,23,5.130434782608695
1,9,2,0,0,1,0,0,1,0,2,2,2,0,1,0,0,0,6.0,290,63,4.603174603174603
0,21,1,0,0,0,1,3,1,1,2,2,2,0,1,0,1,0,2.0,343,64,5.359375
1,1,2,3,0,0,1,0,1,1,0,0,0,0,1,0,0,0,1.0,12,2,6.0
1,24,34,0,0,5,2,0,0,0,2,2,2,0,1,0,1,0,1.0,790,151,5.231788079470198
0,2,3,0,1,0,5,1,0,0,0,2,0,0,1,0,1,0,7.0,302,53,5.69811320754717
1,12,28,33,0,0,1,1,1,0,2,2,2,0,1,0,5,0,2.0,158,36,4.388888888888889
1,4,2,11,0,0,1,0,1,0,0,0,0,0,1,0,8,0,2.0,138,29,4.758620689655173
1,4,2,3,1,0,2,0,1,0,2,2,0,0,1,100,0,0,2.0,98,18,5.444444444444445
1,3,2,0,0,2,2,0,1,0,0,2,0,0,1,0,5,0,3.0,91,16,5.6875
1,1,175,3,1,0,1,0,1,0,0,0,0,0,1,0,1,0,1.0,620,113,5.486725663716814
0,4,3,0,1,4,5,1,0,0,0,0,0,0,1,0,1,0,1.0,266,52,5.115384615384615
1,21,9,0,0,1,4,1,0,2,2,2,0,0,1,200,1,0,2.0,828,171,4.842105263157895
1,17,63,0,0,5,2,0,1,0,2,2,0,0,1,0,3,0,1.0,320,53,6.037735849056604
1,3,152,3,1,1,2,0,1,0,2,2,0,0,1,0,0,0,3.0,148,28,5.285714285714286
0,12,2,0,1,0,0,0,1,0,2,2,2,0,1,0,1,0,3.0,41,8,5.125
0,3,7,0,1,0,3,0,0,2,0,0,0,0,1,0,0,0,1.0,16,3,5.333333333333333
1,36,37,76,2,1,0,0,1,0,1,1,1,0,2,200,1,0,5.0,718,130,5.523076923076923
1,24,97,0,0,0,1,0,0,0,1,1,1,0,1,0,1,0,1.0,286,55,5.2
1,1,2,0,0,0,1,0,1,0,2,2,0,0,1,0,0,0,6.0,210,33,6.363636363636363
0,3,3,0,0,6,0,0,1,0,0,0,0,0,1,0,1,0,1.0,236,49,4.816326530612245
1,1,2,3,1,2,0,0,1,0,0,0,0,0,1,0,0,0,10.0,683,133,5.135338345864661
0,2,1,0,2,0,5,3,1,1,0,2,1,0,9,0,0,0,5.0,183,38,4.815789473684211
0,3,1,0,1,0,0,0,1,1,0,0,0,0,2,0,1,0,8.0,1040,197,5.279187817258883
0,2,1,0,0,0,0,0,0,1,0,2,0,0,1,0,0,0,3.0,19,3,6.333333333333333
1,4,2,3,1,0,5,1,1,0,0,0,0,0,3,0,1,0,0.0,153,26,5.884615384615385
1,60,69,0,0,1,2,0,1,0,1,1,1,0,1,0,0,0,1.0,418,81,5.160493827160494
1,2,2,31,1,1,2,0,1,0,0,0,0,0,1,0,0,0,2.0,481,91,5.285714285714286
0,120,4,9,1,0,1,1,2,2,1,1,1,0,2,50,1,0,1.0,198,30,6.6
0,6,1,0,1,0,1,0,1,1,0,0,0,0,1,0,1,0,1.0,69,10,6.9
1,3,100,63,0,0,0,0,1,0,2,2,0,0,2,0,0,0,6.0,454,91,4.989010989010989
1,1,2,31,1,0,1,5,1,0,0,0,0,0,1,0,1,0,3.0,217,37,5.864864864864865
0,2,3,0,0,0,1,1,1,0,2,2,0,0,1,10,0,0,3.0,22,3,7.333333333333333
1,1,2,0,1,1,2,0,1,0,1,1,0,0,1,0,0,0,1.0,123,21,5.857142857142857
1,4,13,33,0,0,1,5,1,0,1,1,1,0,1,100,0,0,5.0,271,52,5.211538461538462
1,2,2,0,1,1,2,0,1,0,2,2,0,0,1,0,0,0,1.0,105,21,5.0
1,6,53,0,1,1,0,0,0,0,2,2,0,0,1,0,3,0,6.0,755,139,5.431654676258993
1,6,2,0,1,1,2,0,1,0,0,0,0,0,1,0,1,0,0.0,62,13,4.769230769230769
1,4,2,0,0,0,1,1,1,0,0,0,0,0,1,0,1,0,1.0,69,11,6.2727272727272725
1,1,2,0,1,0,1,1,1,1,0,2,0,0,1,0,0,0,2.0,162,32,5.0625
0,5,1,0,0,6,0,0,1,1,2,2,0,0,1,0,0,0,2.0,301,61,4.934426229508197
1,3,2,0,0,0,2,0,1,0,0,2,0,0,1,0,0,0,2.0,394,79,4.987341772151899
1,7,114,3,1,0,1,0,1,0,2,2,2,0,1,0,0,0,4.0,448,86,5.209302325581396
1,3,2,0,0,1,0,0,1,1,2,2,0,0,1,0,5,0,3.0,545,93,5.860215053763441
0,2,3,0,1,2,0,0,0,0,0,0,0,0,1,20,0,1,2.0,25,6,4.166666666666667
1,72,33,0,0,1,6,0,1,2,1,1,0,0,1,0,1,0,4.0,625,121,5.1652892561983474
0,2,0,9,2,4,4,0,1,0,0,0,0,0,2,0,0,0,7.0,845,149,5.671140939597316
1,1,2,0,1,0,2,0,0,0,0,2,0,0,2,0,1,0,5.0,273,53,5.150943396226415
1,3,2,31,0,0,0,0,1,1,2,2,0,0,1,0,0,0,5.0,14,3,4.666666666666667
1,2,2,0,1,1,0,0,0,0,1,1,1,0,1,0,1,0,3.0,270,53,5.09433962264151
1,4,14,3,1,0,0,0,2,1,2,2,0,0,1,200,1,0,5.0,1814,342,5.304093567251462
1,18,8,11,0,1,2,0,2,0,2,2,0,0,1,0,1,0,1.0,61,12,5.083333333333333
0,12,1,0,0,0,0,0,1,1,2,2,0,0,1,0,1,0,1.0,287,58,4.948275862068965
1,36,71,3,1,5,2,0,0,2,1,1,2,0,1,200,5,0,3.0,295,46,6.413043478260869
1,2,2,0,1,0,2,0,0,0,0,2,1,0,1,0,0,0,4.0,174,31,5.612903225806452
0,4,3,0,0,4,4,1,0,0,0,2,0,0,1,0,0,0,3.0,359,64,5.609375
1,2,2,0,0,0,1,2,2,0,2,2,0,0,3,0,0,0,4.0,313,55,5.6909090909090905
0,3,3,0,1,6,0,0,1,0,0,0,0,0,1,0,5,0,5.0,210,40,5.25
0,6,3,0,1,0,1,1,1,1,2,2,2,0,1,0,5,0,7.0,103,19,5.421052631578948
0,3,12,0,1,0,6,1,0,1,2,2,2,0,1,0,9,0,5.0,254,37,6.864864864864865
1,13,9,0,1,0,0,0,1,1,2,2,0,0,1,0,1,0,1.0,170,32,5.3125
1,72,20,0,0,6,4,0,1,1,1,1,1,0,1,0,0,0,3.0,425,85,5.0
1,3,2,0,0,1,2,0,1,1,1,2,1,0,1,0,1,0,7.0,187,35,5.3428571428571425
0,8,30,0,0,4,0,0,1,0,2,2,0,0,1,50,0,0,5.0,374,67,5.582089552238806
0,4,3,0,1,0,5,1,0,0,0,0,0,0,1,0,0,0,5.0,234,36,6.5
1,3,2,0,0,1,2,0,1,0,1,1,0,0,1,0,0,0,2.0,109,23,4.739130434782608
0,2,3,0,0,0,0,0,1,0,0,2,0,0,1,0,1,0,2.0,36,5,7.2
0,7,3,0,0,5,2,0,0,0,2,2,2,0,1,30,0,0,4.0,44,7,6.285714285714286
1,3,2,0,0,1,2,0,1,1,2,2,1,0,1,0,6,0,1.0,67,11,6.090909090909091
0,11,12,26,0,6,4,1,1,1,0,2,0,0,1,0,1,0,3.0,254,48,5.291666666666667
0,1,1,0,0,0,3,1,1,1,0,2,0,0,1,0,0,0,6.0,608,112,5.428571428571429
1,84,14,0,0,0,2,0,2,0,1,1,1,0,1,0,0,0,1.0,513,107,4.794392523364486
1,3,2,0,0,0,2,0,1,0,0,2,0,0,1,0,1,0,7.0,390,68,5.735294117647059
1,12,2,0,2,1,2,0,1,1,1,1,1,0,4,0,1,0,7.0,2150,366,5.8743169398907105
1,7,134,7,0,2,2,0,1,1,2,2,2,0,1,250,0,0,3.0,160,28,5.714285714285714
1,2,2,0,1,0,1,2,1,1,2,2,0,0,3,0,0,0,8.0,302,36,8.38888888888889
1,24,2,0,1,2,2,0,1,2,2,2,2,0,1,0,0,0,1.0,119,24,4.958333333333333
0,6,1,8,0,0,2,0,1,1,2,2,2,0,2,0,1,0,15.0,1502,265,5.667924528301887
0,1,12,0,2,0,3,1,0,1,0,2,0,0,5,0,1,1,6.0,497,99,5.02020202020202
1,1,2,0,1,1,4,0,1,0,0,2,0,0,1,0,0,0,3.0,887,162,5.4753086419753085
0,1,26,9,1,0,1,5,0,0,0,0,0,0,1,0,1,0,2.0,156,34,4.588235294117647
0,1,3,0,1,4,0,0,0,1,0,0,0,0,1,0,0,0,2.0,313,63,4.968253968253968
0,1,1,0,1,0,1,3,0,1,0,1,1,0,1,0,1,0,3.0,154,31,4.967741935483871
0,8,3,69,1,0,1,4,1,0,0,0,0,0,1,10,0,0,11.0,387,73,5.301369863013699
1,24,23,3,1,0,1,4,1,0,2,2,0,0,1,0,2,0,2.0,838,152,5.5131578947368425
1,12,2,0,1,0,1,0,1,0,2,2,2,0,1,0,0,0,1.0,448,85,5.270588235294118
0,4,3,0,1,0,1,1,0,1,0,2,0,0,1,0,1,0,2.0,217,45,4.822222222222222
1,8,51,3,1,0,2,0,1,0,1,1,2,0,1,0,0,0,1.0,179,33,5.424242424242424
0,2,1,0,1,0,4,3,1,1,1,1,1,0,1,0,3,0,1.0,363,69,5.260869565217392
1,6,51,3,1,1,2,0,1,0,2,2,2,0,1,0,0,0,3.0,193,37,5.216216216216216
0,5,3,9,0,5,2,0,0,0,0,0,0,0,1,0,1,0,3.0,440,77,5.714285714285714
0,2,3,0,0,0,0,0,1,0,0,0,0,0,1,0,1,0,4.0,211,36,5.861111111111111
1,2,5,3,1,4,2,0,1,1,0,0,0,0,1,0,0,0,4.0,297,59,5.033898305084746
0,1,3,0,0,1,2,0,0,0,0,0,0,0,1,0,1,0,4.0,37,5,7.4
0,1,3,0,0,0,2,0,1,0,0,2,0,0,1,0,1,0,9.0,218,41,5.317073170731708
1,2,2,0,1,1,4,0,1,0,0,0,0,0,2,0,1,0,3.0,378,71,5.323943661971831
0,2,3,0,1,0,5,1,1,0,0,2,0,0,3,0,5,0,16.0,1447,267,5.419475655430712
1,3,2,0,0,0,1,1,1,1,2,2,0,0,1,0,0,0,7.0,212,38,5.578947368421052
