Type,Age,Breed1,Breed2,Gender,Color1,Color2,Color3,MaturitySize,FurLength,Vaccinated,Dewormed,Sterilized,Health,Quantity,Fee,State,VideoAmt,PhotoAmt,desc_length,desc_words,average_word_length
0,2,1,0,1,4,3,1,1,1,2,2,0,0,1,0,1,0,5.0,347,57,6.087719298245614
0,12,3,0,1,0,1,3,0,0,2,2,2,0,1,0,0,0,6.0,704,133,5.293233082706767
0,5,3,0,1,0,1,4,1,0,0,2,0,0,1,0,1,0,3.0,305,57,5.350877192982456
0,2,3,9,2,1,6,1,1,0,0,0,0,0,3,0,0,0,5.0,126,22,5.7272727272727275
1,6,39,3,0,0,1,1,1,1,2,2,0,0,1,0,2,0,4.0,516,93,5.548387096774194
1,60,28,0,0,0,1,1,1,0,2,2,2,0,1,250,0,0,6.0,1157,216,5.356481481481482
1,12,2,0,0,1,5,2,1,1,1,1,1,0,1,0,3,0,1.0,228,46,4.956521739130435
1,3,2,3,2,0,0,0,1,0,0,0,0,0,3,0,0,0,3.0,12,2,6.0
0,51,7,57,1,1,3,1,1,2,2,2,2,0,1,0,5,0,3.0,202,38,5.315789473684211
1,2,2,0,1,1,0,0,1,1,1,1,0,0,1,0,0,0,3.0,136,23,5.913043478260869
0,1,1,0,1,1,4,1,1,1,0,0,0,0,1,0,5,0,2.0,87,15,5.8
0,1,3,0,1,0,1,1,1,0,0,2,0,0,1,0,1,0,2.0,59,9,6.555555555555555
1,5,2,0,1,6,4,0,1,0,0,2,0,0,1,0,0,0,1.0,61,11,5.545454545454546
0,2,3,0,0,1,4,1,0,0,0,2,0,0,1,0,0,0,10.0,247,46,5.369565217391305
0,2,3,0,0,3,0,0,1,0,2,0,0,0,1,0,7,0,3.0,987,191,5.167539267015707
1,2,2,0,1,0,1,0,1,0,1,1,0,0,1,0,0,0,3.0,79,14,5.642857142857143
0,4,92,16,0,5,2,0,0,0,0,2,0,0,1,1,1,0,3.0,202,44,4.590909090909091
0,6,1,0,2,0,3,0,0,1,0,2,2,0,3,100,0,0,3.0,269,46,5.8478260869565215
1,7,11,3,1,1,4,0,1,0,2,2,2,0,1,0,1,0,9.0,207,36,5.75
1,1,2,3,1,0,1,1,1,0,0,0,0,0,1,100,0,0,4.0,292,53,5.509433962264151
1,2,2,0,0,0,1,0,2,0,2,2,0,0,1,0,0,0,5.0,446,87,5.126436781609195
0,2,1,0,0,1,2,0,2,1,0,2,1,0,1,0,0,0,2.0,85,13,6.538461538461538
0,6,3,0,1,4,0,0,1,0,0,2,2,0,1,0,0,0,5.0,8,1,8.0
0,4,10,49,1,1,4,0,0,0,0,0,0,0,1,0,1,0,3.0,607,108,5.62037037037037
0,6,3,0,1,0,0,0,1,0,1,1,1,0,1,0,0,0,3.0,127,21,6.0476190476190474
1,1,2,0,1,0,1,0,1,0,2,2,1,0,1,0,0,0,4.0,95,19,5.0
0,3,3,0,0,0,0,0,0,0,0,0,0,0,2,0,0,0,23.0,871,173,5.034682080924855
1,60,16,0,1,2,2,0,0,2,1,1,2,1,1,0,1,0,2.0,47,9,5.222222222222222
1,2,2,0,1,0,1,0,1,1,0,2,0,0,1,0,3,0,5.0,161,24,6.708333333333333
0,6,26,23,1,0,5,1,1,0,1,1,1,0,2,0,8,0,3.0,22,4,5.5
0,4,3,0,0,0,2,0,0,0,0,2,0,0,1,0,3,0,4.0,127,28,4.535714285714286
0,3,3,0,0,0,3,1,0,1,0,0,0,0,3,0,1,0,3.0,16,3,5.333333333333333
1,1,2,3,2,0,5,1,1,0,0,0,1,0,5,0,0,1,1.0,216,39,5.538461538461538
1,238,2,0,0,5,2,0,1,0,2,2,2,0,1,0,3,0,10.0,164,29,5.655172413793103
0,48,3,0,1,0,1,1,1,0,2,2,2,0,1,0,0,0,3.0,333,63,5.285714285714286
0,3,3,0,2,1,0,0,0,1,1,1,1,0,6,0,1,0,5.0,261,52,5.019230769230769
1,1,2,3,1,1,2,0,1,1,2,2,0,0,1,0,0,0,2.0,12,2,6.0
0,12,7,8,0,0,0,0,2,2,0,2,0,0,1,0,0,0,2.0,153,31,4.935483870967742
1,1,2,3,0,1,2,0,1,1,2,2,0,0,1,0,0,0,2.0,12,2,6.0
0,6,3,0,0,0,2,0,1,0,2,2,0,0,1,0,0,0,1.0,83,15,5.533333333333333
0,30,0,6,0,2,2,0,3,1,2,2,2,0,1,0,0,0,5.0,480,94,5.1063829787234045
0,3,3,0,1,0,5,1,0,1,0,0,0,0,1,0,0,0,1.0,48,8,6.0
0,1,3,0,2,0,1,1,1,0,0,0,0,0,8,0,0,0,1.0,674,131,5.145038167938932
0,1,3,0,1,0,5,1,0,0,0,0,0,0,1,0,1,0,0.0,222,43,5.162790697674419
1,2,35,38,0,0,1,0,1,0,0,0,0,0,1,0,0,0,1.0,146,29,5.0344827586206895
1,24,2,0,0,1,0,0,1,0,1,1,1,0,1,0,1,0,2.0,81,15,5.4
1,2,2,0,1,2,2,0,1,0,1,1,0,0,1,0,0,0,2.0,123,21,5.857142857142857
1,4,37,3,1,1,2,0,0,0,1,1,1,0,1,0,0,0,5.0,511,99,5.161616161616162
1,1,2,3,1,0,2,0,1,1,0,0,0,0,2,0,3,0,9.0,129,23,5.608695652173913
1,1,2,0,1,0,1,0,0,1,0,2,2,0,1,0,0,0,1.0,24,4,6.0
0,3,3,0,0,0,1,1,1,0,0,0,0,0,1,0,1,0,3.0,121,21,5.761904761904762
1,6,2,0,1,1,2,0,1,0,2,2,2,0,1,0,0,0,1.0,161,32,5.03125
0,3,3,0,0,0,6,1,1,0,0,2,0,0,4,0,0,0,15.0,425,61,6.967213114754099
0,6,1,0,1,0,1,0,1,1,0,2,0,0,1,70,5,0,6.0,367,77,4.766233766233766
0,2,3,0,0,3,2,0,1,0,0,0,0,0,1,0,0,0,4.0,66,9,7.333333333333333
1,1,2,0,0,0,1,0,1,1,0,2,0,0,1,0,1,0,7.0,101,18,5.611111111111111
0,4,3,9,1,0,6,1,1,1,0,0,0,0,1,0,1,0,11.0,327,63,5.190476190476191
1,5,2,0,1,0,1,2,1,0,2,2,0,0,1,0,0,0,6.0,600,115,5.217391304347826
1,12,14,0,0,1,2,0,2,0,1,1,0,0,1,0,0,0,2.0,342,64,5.34375
1,75,8,3,1,0,2,0,1,0,2,2,2,0,1,0,0,0,2.0,138,26,5.3076923076923075
0,2,56,16,2,0,0,0,1,1,0,0,0,0,3,0,0,0,20.0,641,112,5.723214285714286
0,6,3,0,2,0,0,0,1,0,0,0,0,0,2,0,0,0,6.0,124,19,6.526315789473684
0,1,3,0,0,0,0,0,0,1,0,0,0,0,1,0,0,0,5.0,582,106,5.490566037735849
1,5,37,3,0,1,6,0,2,0,2,2,2,0,1,200,1,0,5.0,1892,340,5.564705882352941
1,3,14,76,1,1,0,0,2,0,2,2,0,0,1,0,0,0,5.0,144,25,5.76
1,1,2,3,1,0,5,1,1,0,0,0,0,0,1,0,0,0,1.0,190,39,4.871794871794871
1,3,2,0,1,1,2,0,1,0,0,0,0,0,1,0,1,0,1.0,39,8,4.875
0,31,0,0,1,0,1,2,2,0,2,2,2,0,1,0,1,0,5.0,370,66,5.606060606060606
0,4,7,6,0,0,0,0,1,1,2,2,0,0,1,0,0,0,3.0,366,57,6.421052631578948
1,29,9,0,1,1,6,1,0,1,2,2,0,0,1,0,0,0,1.0,353,63,5.603174603174603
1,10,13,25,0,4,4,0,1,2,2,2,0,0,1,0,0,0,9.0,463,89,5.202247191011236
0,2,1,0,0,0,0,0,1,0,2,2,1,0,1,0,1,0,1.0,102,22,4.636363636363637
1,60,48,0,0,1,2,0,0,0,2,2,0,0,1,0,1,0,2.0,796,149,5.342281879194631
1,2,2,0,0,0,2,0,1,0,0,2,0,0,1,0,0,0,6.0,398,75,5.306666666666667
0,0,12,0,2,1,2,0,0,0,0,0,0,0,3,0,0,0,1.0,87,14,6.214285714285714
1,12,2,0,0,1,2,0,1,1,1,1,1,0,1,0,0,0,2.0,576,110,5.236363636363636
1,9,2,0,1,0,1,0,1,1,2,2,0,0,2,0,2,0,2.0,163,32,5.09375
0,2,3,0,1,1,5,2,0,0,0,0,0,0,1,0,1,0,5.0,914,167,5.473053892215569
0,2,3,0,0,0,5,1,0,0,0,0,0,0,1,0,0,1,6.0,21,4,5.25
0,120,3,0,1,0,2,0,0,0,1,1,2,0,1,0,1,0,1.0,326,68,4.794117647058823
0,3,1,9,1,0,1,4,1,1,0,2,0,0,2,0,3,0,4.0,237,46,5.1521739130434785
1,3,2,0,2,0,1,1,1,0,0,0,0,0,3,0,1,0,5.0,266,43,6.186046511627907
1,1,2,0,0,0,3,0,1,0,0,0,0,0,1,0,0,0,8.0,1534,265,5.788679245283019
1,2,70,3,1,1,2,0,1,0,1,1,0,0,1,0,0,0,5.0,87,16,5.4375
1,10,25,3,0,0,1,0,2,1,2,2,2,0,1,0,0,0,6.0,402,75,5.36
1,2,2,0,0,1,2,0,1,0,2,0,0,0,1,0,0,0,5.0,688,125,5.504
1,3,2,0,0,1,4,0,0,2,1,1,1,0,1,0,0,0,1.0,159,31,5.129032258064516
0,4,17,0,0,0,2,0,1,2,2,2,2,0,4,0,0,0,1.0,689,128,5.3828125
0,12,7,9,1,5,2,0,1,0,2,2,2,0,1,0,1,0,4.0,659,110,5.990909090909091
1,24,2,28,1,0,2,0,0,0,1,2,1,1,1,0,5,0,1.0,440,80,5.5
1,8,2,0,1,0,0,0,1,1,2,2,2,0,1,0,1,0,3.0,40,10,4.0
1,2,2,0,0,0,1,0,0,0,0,0,0,0,1,0,1,0,1.0,91,16,5.6875
1,2,2,0,2,0,1,2,1,0,0,2,0,0,4,0,0,0,1.0,283,56,5.053571428571429
1,4,2,0,1,2,2,0,0,0,0,0,0,0,1,0,0,0,0.0,33,6,5.5
1,3,23,3,1,0,1,0,1,1,2,1,0,0,1,0,0,0,2.0,122,21,5.809523809523809
1,2,2,0,2,0,6,2,1,1,2,0,1,0,8,10,0,0,7.0,75,13,5.769230769230769
0,3,1,0,2,0,5,1,1,1,0,0,0,0,4,0,0,0,1.0,778,149,5.221476510067114
1,47,2,0,0,0,2,0,1,0,2,2,0,0,1,0,5,0,0.0,410,83,4.9397590361445785
0,2,10,26,1,1,4,1,0,0,0,2,0,0,1,0,1,0,4.0,106,21,5.0476190476190474
0,2,64,9,1,3,0,0,1,0,0,2,0,0,1,50,0,0,8.0,808,148,5.45945945945946
1,12,2,0,0,0,2,0,1,0,0,0,0,0,1,0,0,0,1.0,91,18,5.055555555555555
1,2,2,0,1,1,5,0,0,0,2,2,0,0,1,0,0,0,4.0,474,86,5.511627906976744
1,24,9,0,0,3,0,0,0,2,2,2,2,0,1,0,1,0,2.0,217,38,5.7105263157894735
1,24,51,43,0,0,1,2,1,1,2,2,2,0,1,200,0,0,2.0,276,51,5.411764705882353
1,2,2,0,0,5,2,0,1,0,0,0,0,0,1,20,3,0,1.0,117,20,5.85
1,6,34,0,1,1,4,0,1,0,2,2,0,0,1,0,0,1,5.0,153,29,5.275862068965517
1,18,65,0,0,1,0,0,0,1,2,2,2,0,1,0,0,0,2.0,239,49,4.877551020408164
1,3,53,3,0,0,6,0,0,0,0,0,0,0,2,0,0,0,2.0,222,38,5.842105263157895
1,2,2,0,0,0,5,1,1,1,0,2,0,0,1,0,1,0,6.0,428,75,5.706666666666667
0,10,3,0,1,0,0,0,1,0,2,2,2,0,1,100,1,0,1.0,370,69,5.36231884057971
1,6,34,0,0,0,2,0,1,0,1,1,1,0,1,150,2,0,3.0,1373,270,5.0851851851851855
1,4,2,0,0,0,2,0,1,0,2,2,0,0,1,70,1,0,5.0,150,31,4.838709677419355
0,6,3,0,0,0,0,0,1,0,0,2,0,0,1,30,0,0,5.0,488,92,5.304347826086956
1,3,2,0,0,4,2,0,1,1,2,2,0,0,1,0,0,0,2.0,181,35,5.171428571428572
0,36,26,19,1,0,5,1,1,1,2,2,2,0,1,0,0,1,2.0,1202,227,5.295154185022026
0,5,3,0,1,0,2,0,0,0,0,2,0,0,1,0,0,0,2.0,316,61,5.180327868852459
0,2,3,77,0,0,3,0,0,1,0,2,0,0,1,0,0,0,5.0,190,32,5.9375
0,2,3,0,1,4,2,0,1,0,0,0,0,0,1,0,0,0,3.0,56,10,5.6
1,1,2,3,1,6,2,0,0,0,0,0,2,0,1,0,1,0,2.0,259,47,5.51063829787234
0,6,1,0,1,3,2,0,1,1,0,2,0,0,1,0,8,0,4.0,229,41,5.585365853658536
1,12,34,0,0,3,2,0,1,0,2,2,2,0,1,0,0,0,7.0,262,50,5.24
1,1,8,3,2,0,1,0,1,1,1,2,0,0,2,0,1,0,4.0,758,141,5.375886524822695
0,30,3,0,1,2,3,1,1,1,2,2,2,0,1,1,0,0,1.0,156,28,5.571428571428571
1,4,34,0,1,1,2,0,1,0,2,2,0,0,1,400,1,0,6.0,431,72,5.986111111111111
1,84,104,0,2,0,6,0,0,1,2,2,2,0,2,0,0,0,1.0,235,44,5.340909090909091
0,6,1,0,0,1,2,0,1,1,2,2,1,0,1,0,1,0,2.0,25,4,6.25
1,2,2,0,1,1,5,1,1,0,1,1,1,0,2,0,3,0,1.0,138,26,5.3076923076923075
1,67,34,0,1,1,2,0,0,1,2,2,2,0,1,300,1,0,1.0,775,163,4.754601226993865
0,1,3,9,2,0,5,1,0,0,0,0,0,0,3,0,0,0,1.0,347,69,5.028985507246377
0,9,17,0,1,0,2,0,0,0,0,2,2,0,1,0,0,0,1.0,419,82,5.109756097560975
0,29,0,0,0,0,3,1,1,0,2,2,2,0,1,0,1,0,3.0,211,39,5.410256410256411
1,12,2,0,0,1,4,1,1,1,0,0,0,0,1,0,0,0,3.0,732,139,5.266187050359712
0,2,36,9,0,0,0,0,2,0,0,2,0,0,1,90,0,0,5.0,91,14,6.5
1,7,2,0,0,0,1,0,1,0,2,2,2,0,1,0,5,0,1.0,179,35,5.114285714285714
1,4,2,3,0,1,2,0,1,1,2,2,0,0,1,0,0,0,2.0,14,3,4.666666666666667
1,13,2,0,0,0,5,1,1,0,0,0,0,0,1,0,1,0,4.0,341,70,4.871428571428571
0,2,0,9,1,0,3,0,1,0,0,2,0,0,1,0,1,0,22.0,1859,334,5.565868263473054
0,5,3,0,0,0,0,0,0,1,2,2,0,1,1,50,0,0,5.0,243,43,5.651162790697675
1,5,2,0,0,0,1,0,1,0,2,2,0,0,1,0,3,0,1.0,424,79,5.367088607594937
0,3,1,0,1,1,6,1,0,1,2,2,0,1,1,0,0,0,4.0,652,124,5.258064516129032
0,6,3,0,0,0,0,0,1,0,0,2,0,0,1,10,8,0,7.0,149,24,6.208333333333333
1,12,2,14,1,0,0,0,2,0,2,0,2,0,1,0,1,0,5.0,130,22,5.909090909090909
1,12,2,0,0,0,1,0,1,1,2,2,0,0,1,0,0,0,3.0,71,15,4.733333333333333
1,3,39,3,0,0,1,1,1,0,2,2,1,0,1,0,0,0,2.0,251,46,5.456521739130435
1,3,2,0,1,0,1,4,0,0,2,2,0,0,1,0,0,0,2.0,171,30,5.7
1,2,2,0,0,0,2,0,1,1,0,0,0,0,1,0,0,0,5.0,362,63,5.746031746031746
1,12,53,0,0,2,0,0,0,0,2,2,0,0,1,50,0,0,3.0,26,6,4.333333333333333
0,12,1,26,0,1,5,1,2,0,0,2,0,0,1,0,0,1,5.0,348,65,5.3538461538461535
0,2,3,0,0,0,6,2,1,0,0,0,0,0,5,0,1,0,3.0,232,37,6.27027027027027
0,3,3,0,1,0,2,0,0,0,0,0,0,0,1,0,9,0,1.0,103,15,6.866666666666666
0,4,7,6,1,0,6,0,0,1,0,2,0,0,1,200,0,0,1.0,83,14,5.928571428571429
1,2,2,0,1,0,1,0,1,1,0,0,0,0,3,0,0,0,3.0,37,6,6.166666666666667
0,4,12,0,0,3,0,0,1,0,0,0,0,0,1,0,1,0,2.0,492,98,5.020408163265306
0,1,0,0,1,0,1,5,1,0,0,2,0,0,1,0,0,0,7.0,171,31,5.516129032258065
0,6,3,0,0,4,2,0,0,0,2,2,2,1,1,0,1,0,2.0,437,82,5.329268292682927
0,2,10,9,2,1,0,0,0,1,0,0,0,0,4,0,1,0,4.0,544,103,5.281553398058253
1,4,2,0,1,1,2,0,1,0,2,2,2,0,1,0,1,0,5.0,588,115,5.113043478260869
1,2,2,0,1,0,1,0,1,0,1,1,0,0,1,0,0,0,1.0,98,17,5.764705882352941
0,9,3,0,2,0,4,1,1,0,2,2,2,0,2,0,1,0,5.0,775,156,4.967948717948718
0,7,1,0,0,0,0,0,1,1,2,2,2,0,1,0,0,0,5.0,175,32,5.46875
0,36,3,0,1,1,4,1,2,0,2,2,2,0,1,0,0,0,2.0,267,54,4.944444444444445
0,19,7,0,1,0,3,0,2,2,2,2,0,0,1,0,1,0,3.0,3,1,3.0
1,1,2,0,1,0,1,1,0,1,0,0,0,0,1,0,0,0,15.0,65,13,5.0
0,1,17,0,0,0,2,0,1,0,2,2,0,0,1,0,1,0,5.0,660,119,5.546218487394958
0,27,1,6,0,3,0,0,1,1,2,2,2,0,2,0,0,0,5.0,374,73,5.123287671232877
1,1,2,0,1,0,1,0,1,0,0,2,0,0,1,0,0,0,5.0,278,51,5.450980392156863
1,1,2,3,2,0,1,1,1,0,0,0,0,0,7,0,5,0,3.0,657,124,5.298387096774194
1,1,2,0,1,0,1,2,1,1,0,0,0,0,1,0,1,0,4.0,69,15,4.6
0,7,3,0,0,6,0,0,1,0,2,2,2,0,1,50,0,0,5.0,143,28,5.107142857142857
0,12,3,6,2,1,6,1,1,0,0,2,2,0,2,0,5,0,5.0,246,47,5.23404255319149
0,12,0,0,0,1,2,0,1,1,2,2,0,0,1,0,0,0,4.0,229,43,5.325581395348837
0,3,3,0,1,6,0,0,0,0,0,0,0,0,1,0,1,0,0.0,42,9,4.666666666666667
1,2,2,0,0,2,2,0,1,1,1,1,0,0,1,0,0,0,5.0,68,12,5.666666666666667
0,2,3,0,2,1,0,0,1,0,0,2,0,0,4,0,0,0,12.0,823,153,5.379084967320262
1,7,2,0,0,0,1,1,1,1,2,2,0,0,1,0,5,0,1.0,529,101,5.237623762376238
1,3,2,0,1,1,2,0,1,0,2,2,0,0,1,50,0,0,14.0,271,53,5.113207547169812
1,12,34,0,0,2,2,0,0,1,1,1,0,0,1,0,0,0,2.0,889,163,5.45398773006135
1,3,2,11,0,2,2,0,1,1,1,1,0,0,1,0,0,0,3.0,93,16,5.8125
1,2,2,0,2,1,6,0,0,0,0,0,0,0,9,0,1,0,1.0,283,49,5.775510204081633
1,2,2,0,0,2,2,0,1,0,2,2,1,0,2,0,3,0,2.0,128,25,5.12
1,2,2,0,1,0,1,1,1,0,2,2,0,0,1,0,0,0,3.0,185,35,5.285714285714286
1,6,2,0,1,2,2,0,1,0,2,2,0,0,1,0,1,0,3.0,324,64,5.0625
1,4,2,0,0,0,2,0,0,0,0,0,0,0,1,0,5,0,4.0,142,26,5.461538461538462
1,1,2,0,1,0,1,0,1,1,0,0,0,0,1,20,0,0,12.0,410,75,5.466666666666667
1,36,2,3,0,0,1,1,1,2,2,2,2,0,2,250,1,0,2.0,257,42,6.119047619047619
0,24,3,26,1,0,5,0,1,0,0,2,2,0,1,0,0,0,5.0,681,128,5.3203125
0,3,3,0,0,0,3,0,1,0,0,2,0,0,1,0,5,0,10.0,350,62,5.645161290322581
0,3,3,0,1,0,6,3,0,0,0,0,0,0,1,0,0,0,5.0,54,12,4.5
1,3,2,0,2,0,1,2,1,2,0,0,0,0,5,0,0,0,7.0,275,53,5.188679245283019
1,6,2,0,1,0,1,4,1,1,0,2,0,0,1,0,2,0,3.0,197,41,4.804878048780488
0,1,1,0,1,0,2,0,0,1,0,0,0,0,1,100,0,0,5.0,296,52,5.6923076923076925
1,48,15,0,1,0,0,0,1,0,2,2,2,0,1,300,0,0,3.0,14,2,7.0
1,1,2,0,1,0,1,1,0,0,0,0,0,0,4,0,2,0,4.0,197,36,5.472222222222222
1,2,2,0,1,0,1,0,1,0,0,0,1,0,3,0,9,0,3.0,195,36,5.416666666666667
1,3,2,0,0,1,4,0,0,0,0,0,0,0,1,0,0,0,5.0,58,9,6.444444444444445
0,4,0,0,0,6,0,0,1,0,2,2,1,0,1,0,0,0,2.0,82,14,5.857142857142857
1,4,2,3,0,1,0,0,1,1,1,1,1,0,1,0,0,0,1.0,292,59,4.9491525423728815
0,4,1,0,1,0,0,0,1,1,2,2,0,0,1,0,0,0,5.0,394,70,5.628571428571429
0,2,1,0,2,0,6,1,1,1,0,0,0,0,3,1,1,0,2.0,55,11,5.0
0,4,3,9,2,0,0,0,0,0,0,0,0,0,3,0,0,0,2.0,88,15,5.866666666666666
1,3,2,0,2,0,1,1,1,0,2,2,2,0,4,0,2,0,3.0,327,60,5.45
1,4,2,3,1,2,2,0,0,0,2,2,1,0,1,0,1,0,5.0,708,149,4.751677852348993
0,1,3,0,1,1,6,4,1,0,0,0,0,0,1,0,8,0,3.0,329,59,5.576271186440678
1,10,2,0,0,1,2,0,2,1,2,2,2,0,1,0,0,1,4.0,220,36,6.111111111111111
0,1,3,23,1,0,1,1,1,0,0,2,0,0,1,0,0,0,7.0,588,115,5.113043478260869
0,48,59,9,0,0,0,0,2,0,2,2,2,0,1,20,0,0,4.0,539,101,5.336633663366337
1,36,2,0,1,1,2,0,2,1,2,2,2,0,1,0,0,0,10.0,634,123,5.154471544715447
1,1,2,3,0,0,1,0,1,0,0,2,0,0,1,150,0,1,10.0,351,72,4.875
1,3,2,0,1,1,3,0,1,0,0,2,0,0,1,0,0,0,1.0,51,8,6.375
1,8,2,0,1,3,2,0,1,0,2,2,2,0,1,0,5,0,2.0,890,171,5.204678362573099
0,1,26,23,2,0,1,1,0,1,0,0,0,0,5,0,1,0,20.0,303,60,5.05
0,11,3,9,0,0,2,0,2,0,2,2,2,0,1,0,1,0,3.0,132,24,5.5
1,1,13,3,2,1,4,1,1,1,0,0,0,0,7,0,0,0,5.0,1001,193,5.186528497409326
1,26,2,0,1,0,1,0,1,0,2,2,0,0,1,0,1,0,5.0,291,58,5.017241379310345
1,2,14,3,1,0,6,4,2,0,0,0,0,0,1,0,8,5,7.0,172,34,5.0588235294117645
1,2,5,3,1,0,1,1,1,1,1,1,0,0,1,0,0,0,3.0,139,22,6.318181818181818
0,1,3,0,1,3,2,0,0,0,0,0,1,0,3,5,5,0,3.0,11,2,5.5
1,1,23,42,0,0,1,0,1,1,0,2,0,0,1,0,1,0,2.0,21,5,4.2
0,1,0,9,0,0,1,3,1,0,0,2,0,0,1,50,0,0,5.0,774,143,5.4125874125874125
1,30,2,3,0,1,2,0,1,0,1,1,1,0,1,20,0,0,1.0,161,32,5.03125
1,2,2,0,1,0,1,0,1,0,2,2,0,0,1,0,0,0,2.0,77,14,5.5
1,4,2,0,1,0,1,1,1,0,2,2,2,0,1,0,1,0,13.0,77,13,5.923076923076923
0,2,3,0,0,0,1,1,0,0,0,0,0,0,1,0,0,0,3.0,308,54,5.703703703703703
0,4,3,0,0,2,2,0,1,0,2,2,0,0,1,0,0,0,3.0,250,45,5.555555555555555
0,18,3,6,1,1,6,1,1,0,0,2,0,0,1,0,1,0,3.0,121,22,5.5
0,12,3,0,1,0,1,1,1,0,0,0,0,0,1,0,1,0,1.0,125,23,5.434782608695652
0,2,4,9,2,0,0,0,2,1,0,2,0,0,4,0,1,0,2.0,272,53,5.132075471698113
1,48,34,0,0,2,2,0,0,1,0,2,0,0,1,0,0,0,2.0,13,2,6.5
0,5,3,9,0,0,3,1,1,1,2,2,0,0,2,0,0,0,8.0,501,97,5.164948453608248
0,4,3,0,0,0,5,3,1,0,0,0,0,0,1,0,0,0,2.0,10,2,5.0
1,4,2,0,0,1,2,0,1,0,2,2,1,0,1,0,9,0,4.0,108,21,5.142857142857143
1,2,2,3,0,0,0,0,1,0,0,0,0,0,1,0,0,0,2.0,221,41,5.390243902439025
1,2,2,3,0,1,0,0,1,1,0,0,0,0,2,0,0,0,4.0,723,132,5.4772727272727275
1,3,2,31,0,0,1,0,1,0,0,2,2,0,1,0,1,0,4.0,99,20,4.95
1,36,9,7,1,0,3,1,0,2,2,2,0,0,1,0,5,0,2.0,537,98,5.479591836734694
0,12,3,8,1,1,2,0,1,0,2,2,2,0,1,0,0,0,4.0,83,13,6.384615384615385
0,1,26,9,1,1,4,1,1,1,0,0,0,0,1,0,0,0,2.0,1127,216,5.217592592592593
0,2,3,0,0,0,2,0,0,0,1,1,1,0,1,0,1,0,3.0,42,7,6.0
1,3,2,0,0,0,6,1,1,0,0,2,0,0,1,0,2,0,1.0,535,101,5.297029702970297
1,84,14,0,0,2,2,0,2,1,1,1,1,0,1,0,1,0,2.0,319,66,4.833333333333333
0,15,0,26,1,6,2,0,1,0,2,0,0,0,3,0,10,0,1.0,99,18,5.5
1,53,2,3,0,5,2,0,1,1,2,1,1,0,1,0,0,0,1.0,138,24,5.75
1,2,2,0,1,2,2,0,1,1,2,2,0,0,1,0,0,0,2.0,104,17,6.117647058823529
1,4,5,3,1,0,1,1,1,1,2,2,2,0,1,0,1,0,8.0,164,31,5.290322580645161
0,9,3,0,0,4,2,0,1,0,0,0,0,0,1,0,1,0,1.0,39,8,4.875
0,4,1,0,0,0,0,0,0,1,1,2,0,0,1,0,0,0,5.0,118,19,6.2105263157894735
1,2,2,0,1,1,2,0,1,1,0,2,0,0,1,0,2,0,2.0,23,5,4.6
0,2,3,0,2,1,5,3,0,0,0,0,0,0,4,0,5,0,4.0,196,36,5.444444444444445
1,4,2,0,1,6,0,0,1,0,2,2,1,0,1,0,1,0,5.0,167,33,5.0606060606060606
0,4,12,9,1,1,3,1,0,0,0,2,0,0,1,0,1,0,1.0,48,7,6.857142857142857
1,18,51,0,0,1,2,0,0,0,2,2,2,0,1,0,1,0,1.0,439,81,5.419753086419753
0,1,4,0,0,4,2,0,0,2,0,0,0,0,1,0,0,0,3.0,259,50,5.18
1,24,2,0,1,1,2,0,1,1,1,1,1,0,20,0,9,0,1.0,100,19,5.2631578947368425
1,67,8,0,0,0,2,0,2,2,2,2,0,0,1,0,0,0,1.0,95,16,5.9375
1,4,48,3,1,0,1,0,1,0,2,2,2,0,1,0,2,0,11.0,360,58,6.206896551724138
1,1,2,0,1,0,0,0,1,1,1,1,0,0,1,0,0,0,1.0,122,21,5.809523809523809
1,2,2,0,0,0,2,0,0,0,2,2,2,0,1,0,1,0,1.0,381,83,4.590361445783133
1,1,2,0,1,0,1,0,1,0,2,2,0,0,1,0,0,0,9.0,136,23,5.913043478260869
0,1,3,0,0,1,3,1,1,0,0,0,0,0,2,0,9,1,4.0,391,68,5.75
1,12,2,33,0,1,4,0,1,1,1,1,1,0,1,0,1,0,1.0,1566,264,5.931818181818182
1,45,19,2,1,2,0,0,1,1,0,0,0,0,1,0,1,0,2.0,432,83,5.204819277108434
1,4,21,31,0,0,0,0,2,1,2,2,0,0,1,600,0,0,3.0,229,43,5.325581395348837
0,5,0,0,1,0,3,1,1,0,0,2,0,1,3,0,1,0,5.0,484,85,5.694117647058824
1,2,2,0,1,1,0,0,1,0,2,2,0,0,1,0,0,0,8.0,325,57,5.701754385964913
0,1,3,0,0,0,0,0,0,1,0,2,0,0,1,0,3,2,8.0,420,83,5.0602409638554215
0,2,0,0,2,3,2,0,1,0,0,2,0,0,2,0,1,0,2.0,159,28,5.678571428571429
1,2,2,31,0,0,1,0,1,0,0,0,0,0,1,0,0,0,1.0,44,10,4.4
1,2,14,3,2,0,2,0,1,1,0,2,0,0,2,0,1,0,6.0,124,22,5.636363636363637
1,1,2,3,1,1,0,0,1,0,0,0,0,0,1,50,0,0,5.0,820,157,5.222929936305732
1,12,2,0,1,0,0,0,1,0,0,0,0,0,1,20,3,0,1.0,142,25,5.68
0,6,10,10,0,1,0,0,1,2,0,0,0,0,1,0,0,0,1.0,18,4,4.5
1,156,2,0,1,0,1,0,1,1,2,2,1,0,1,0,0,0,1.0,328,62,5.290322580645161
1,1,2,3,0,0,1,1,1,1,0,2,0,0,1,0,0,0,3.0,12,2,6.0
1,6,2,3,1,5,2,0,1,0,2,2,0,0,1,0,5,0,4.0,41,9,4.555555555555555
1,2,2,3,1,0,1,0,1,1,2,2,0,0,1,0,0,0,5.0,12,2,6.0
1,3,2,0,1,0,2,0,0,1,1,1,0,0,1,0,1,0,2.0,298,55,5.418181818181818
1,12,2,0,1,1,2,0,1,0,2,2,2,0,1,0,0,0,2.0,507,91,5.571428571428571
0,7,56,0,1,0,6,2,0,1,0,0,0,0,1,0,2,0,3.0,299,59,5.067796610169491
1,28,2,3,0,0,1,0,1,0,2,2,2,0,1,0,0,3,6.0,80,5,16.0
0,3,78,0,2,0,4,3,1,1,0,0,0,0,3,50,1,0,4.0,51,10,5.1
1,1,2,0,2,0,1,1,2,2,0,0,0,0,8,0,5,0,3.0,153,26,5.884615384615385
1,10,11,95,0,0,1,1,0,0,2,2,0,0,1,500,0,0,4.0,263,52,5.0576923076923075
1,12,2,0,1,1,0,0,0,1,2,2,2,0,1,0,1,0,4.0,803,145,5.537931034482758
1,84,34,0,0,0,2,0,0,1,2,2,2,0,1,0,0,0,5.0,333,66,5.045454545454546
1,1,2,0,1,2,2,0,1,0,0,0,0,0,1,0,0,0,1.0,75,11,6.818181818181818
0,60,10,6,0,0,4,0,2,1,2,2,2,0,1,160,0,0,4.0,89,17,5.235294117647059
1,12,2,0,2,0,1,0,0,0,1,1,1,0,3,0,0,0,3.0,128,23,5.565217391304348
0,1,3,0,0,0,1,5,1,0,2,2,0,0,3,0,0,0,3.0,193,30,6.433333333333334
1,3,2,0,1,0,1,0,0,0,2,2,0,0,1,0,0,0,6.0,965,179,5.391061452513966
1,2,2,0,2,0,1,1,1,0,0,0,0,0,3,0,0,0,12.0,35,6,5.833333333333333
1,2,2,0,1,0,1,1,1,1,0,0,0,0,8,0,11,0,8.0,419,79,5.30379746835443
0,2,3,0,2,0,1,3,0,1,0,0,0,0,3,30,0,0,4.0,498,90,5.533333333333333
1,24,34,0,0,2,2,0,1,1,2,2,0,0,1,0,0,0,4.0,147,28,5.25
0,3,3,6,1,1,6,1,1,0,0,0,0,0,1,0,0,0,4.0,289,54,5.351851851851852
0,1,3,0,1,0,2,0,0,0,0,0,0,0,1,0,0,0,1.0,147,29,5.068965517241379
1,12,11,0,0,5,2,0,0,0,2,2,2,0,1,0,0,0,1.0,159,31,5.129032258064516
0,1,3,0,2,0,3,1,1,0,0,0,0,0,4,0,7,0,4.0,198,34,5.823529411764706
0,12,3,0,0,0,0,0,1,0,0,0,0,0,1,0,1,0,4.0,47,9,5.222222222222222
1,2,2,0,1,1,0,0,1,1,2,2,0,0,1,0,1,0,1.0,394,75,5.253333333333333
0,8,31,85,0,0,0,0,2,1,0,0,0,0,1,0,1,0,4.0,580,113,5.132743362831858
1,1,15,3,1,0,1,1,1,0,0,0,0,0,7,100,0,0,5.0,372,64,5.8125
1,4,2,0,1,1,0,0,1,1,1,2,1,0,1,0,0,0,3.0,487,101,4.821782178217822
0,1,3,0,2,0,1,1,1,0,0,0,0,0,4,0,0,0,4.0,95,16,5.9375
0,3,3,0,0,4,5,0,1,0,0,0,0,0,1,0,3,0,1.0,203,37,5.486486486486487
0,18,31,9,0,0,0,0,1,0,0,2,2,0,1,0,1,0,1.0,145,27,5.37037037037037
1,2,2,11,1,1,4,1,1,0,1,1,1,0,3,0,3,0,1.0,369,64,5.765625
0,4,36,8,0,5,2,0,1,1,0,0,0,0,2,100,0,0,1.0,34,4,8.5
1,1,2,0,1,0,1,0,1,0,2,2,0,0,1,0,0,0,5.0,460,78,5.897435897435898
0,2,3,0,0,0,0,0,1,0,0,0,0,0,1,0,0,0,2.0,245,44,5.568181818181818
0,12,3,23,1,0,5,1,1,0,1,1,1,0,5,0,8,0,4.0,24,4,6.0
0,1,1,0,0,4,4,0,1,1,0,2,0,0,1,50,0,0,8.0,744,137,5.430656934306569
0,24,30,0,0,0,3,1,1,0,2,2,1,1,1,0,1,0,3.0,545,107,5.093457943925234
0,2,3,0,0,3,2,0,0,0,0,2,0,0,1,0,1,0,1.0,408,79,5.1645569620253164
1,2,2,0,1,0,1,2,2,0,2,2,0,0,1,0,0,0,4.0,194,35,5.542857142857143
0,4,3,0,0,3,0,0,1,0,2,2,0,0,1,0,0,0,3.0,133,20,6.65
0,2,3,0,0,4,2,0,0,0,0,2,0,0,1,50,0,1,4.0,734,136,5.397058823529412
1,24,5,75,0,0,1,1,1,2,2,2,2,0,2,200,1,0,1.0,267,45,5.933333333333334
0,24,3,0,1,3,0,0,0,0,2,2,2,0,1,100,3,0,2.0,120,22,5.454545454545454
1,1,2,3,1,0,0,0,1,0,0,1,0,0,1,0,0,0,1.0,20,4,5.0
1,36,2,0,0,1,6,0,1,0,0,0,1,0,1,0,0,0,0.0,179,37,4.837837837837838
1,1,2,3,2,0,1,1,1,0,1,1,1,0,2,250,1,0,10.0,476,78,6.102564102564102
0,15,94,9,1,2,2,0,1,1,2,2,2,0,1,200,1,0,2.0,37,5,7.4
1,3,2,0,1,1,2,0,1,0,2,2,0,0,1,0,0,0,1.0,123,21,5.857142857142857
1,2,2,3,1,1,2,0,1,1,2,2,0,0,1,0,0,0,1.0,12,2,6.0
0,5,3,0,0,6,0,0,1,0,0,2,0,0,1,0,1,0,8.0,293,52,5.634615384615385
1,36,2,3,2,0,1,1,1,1,0,0,2,0,3,0,1,0,6.0,593,114,5.201754385964913
0,36,1,0,1,0,1,3,1,1,2,2,2,0,1,0,0,0,3.0,671,124,5.411290322580645
1,1,2,0,1,1,0,0,1,0,0,2,1,0,1,0,9,0,1.0,583,116,5.025862068965517
0,4,3,0,1,4,2,0,0,0,2,2,0,0,1,0,0,0,2.0,210,40,5.25
0,6,7,0,1,0,0,0,1,2,1,1,1,0,1,0,1,0,7.0,28,5,5.6
1,2,2,0,1,4,2,0,1,0,2,2,0,0,1,0,0,0,1.0,105,21,5.0
1,1,2,0,0,1,0,0,1,1,0,0,0,0,1,0,0,0,4.0,18,3,6.0
0,2,1,8,1,2,2,0,1,1,2,2,0,0,2,0,0,0,1.0,421,77,5.467532467532467
0,12,31,0,0,0,2,0,0,1,2,2,2,0,1,50,0,0,1.0,665,115,5.782608695652174
1,72,13,40,0,0,1,0,1,2,1,1,1,0,1,0,1,0,3.0,300,55,5.454545454545454
1,11,2,0,0,0,4,0,1,0,2,2,0,0,1,0,2,0,5.0,1141,214,5.331775700934579
1,4,2,11,1,0,2,0,1,0,2,2,2,0,1,0,1,0,2.0,527,102,5.166666666666667
1,5,28,0,1,1,0,0,1,1,2,2,0,0,1,0,0,0,1.0,455,79,5.7594936708860756
1,6,57,0,0,0,0,0,2,0,0,2,0,0,1,0,0,0,2.0,91,18,5.055555555555555
1,2,2,0,1,0,1,0,1,0,2,2,0,0,1,0,0,0,4.0,119,23,5.173913043478261
0,12,3,19,1,0,1,0,0,0,2,2,2,0,1,0,0,0,7.0,752,136,5.529411764705882
1,8,2,4,1,0,1,0,1,1,2,2,2,0,1,0,0,0,5.0,255,52,4.903846153846154
1,48,33,0,0,2,2,0,1,1,2,2,2,0,1,0,0,0,5.0,272,40,6.8
1,2,25,3,2,0,6,2,1,0,2,2,0,0,2,0,0,0,8.0,311,57,5.456140350877193
1,10,9,0,1,0,0,0,0,1,1,1,1,0,1,0,0,0,1.0,137,29,4.724137931034483
1,12,14,3,0,6,2,0,1,0,0,2,2,0,1,30,0,0,1.0,469,94,4.98936170212766
0,24,3,0,2,6,2,0,0,0,0,2,0,0,3,0,7,0,11.0,332,51,6.509803921568627
1,2,2,0,0,0,1,0,1,1,2,2,0,0,1,0,0,0,1.0,1240,228,5.43859649122807
1,4,48,3,0,0,1,2,0,0,2,2,2,0,1,0,0,0,5.0,577,114,5.06140350877193
0,24,26,26,2,0,1,1,1,1,1,1,2,0,10,0,3,0,10.0,146,29,5.0344827586206895
0,1,1,0,2,0,4,3,1,1,0,0,0,0,2,0,0,0,2.0,71,15,4.733333333333333
1,18,2,0,0,1,2,0,1,1,1,2,1,0,1,0,1,0,5.0,283,52,5.4423076923076925
0,4,31,9,0,0,0,0,2,0,0,2,0,0,1,0,0,0,9.0,351,59,5.9491525423728815
0,12,4,10,1,0,1,1,1,2,1,1,1,0,1,0,1,0,1.0,122,24,5.083333333333333
1,3,2,51,1,1,2,0,0,0,2,2,0,0,1,0,3,0,3.0,32,5,6.4
0,8,3,9,1,0,1,0,1,0,0,0,0,0,1,0,9,0,1.0,204,32,6.375
1,6,2,3,0,1,6,0,0,0,1,1,1,0,1,0,1,0,2.0,145,27,5.37037037037037
1,3,2,0,1,0,2,0,1,0,0,2,0,0,1,0,0,0,2.0,333,58,5.741379310344827
1,3,2,0,1,1,2,0,1,1,0,0,0,0,1,0,1,0,3.0,63,15,4.2
1,3,2,0,1,5,2,0,1,1,0,0,0,0,1,300,1,0,5.0,138,5,27.6
0,24,85,1,0,0,2,0,2,2,1,1,0,0,1,0,0,0,5.0,1270,256,4.9609375
0,1,1,26,1,0,3,1,1,1,0,2,0,0,1,0,0,0,5.0,950,165,5.757575757575758
1,20,21,33,1,0,5,2,1,1,2,2,2,0,1,0,0,0,4.0,97,21,4.619047619047619
0,4,3,0,1,5,2,0,0,0,0,2,0,1,1,0,1,0,4.0,758,130,5.8307692307692305
1,1,2,3,0,5,2,0,1,0,0,0,0,0,1,0,3,0,1.0,113,23,4.913043478260869
0,3,41,9,2,0,5,1,0,0,0,2,0,0,3,0,1,0,11.0,116,23,5.043478260869565
1,1,2,0,2,0,1,0,0,1,0,0,2,0,2,0,9,0,3.0,329,64,5.140625
1,2,2,0,1,0,1,1,1,0,2,2,0,0,1,0,0,0,6.0,140,24,5.833333333333333
0,2,3,0,0,0,3,1,0,0,1,1,1,0,1,0,1,0,2.0,154,31,4.967741935483871
1,1,2,3,0,0,0,0,1,0,0,2,0,0,1,0,0,0,2.0,159,28,5.678571428571429
1,1,2,0,0,0,6,0,1,1,2,2,0,0,1,0,0,0,8.0,393,69,5.695652173913044
1,1,2,0,2,1,0,0,1,1,0,0,0,0,5,0,3,0,8.0,490,79,6.2025316455696204
0,2,1,0,0,0,3,0,1,1,0,0,0,0,4,0,0,0,1.0,598,103,5.805825242718447
0,5,3,0,1,0,5,1,1,0,0,0,0,0,1,0,0,0,2.0,124,25,4.96
1,2,2,0,0,1,4,0,1,1,0,2,0,0,1,0,1,0,1.0,142,26,5.461538461538462
0,2,4,0,1,0,3,1,2,2,2,2,2,0,1,80,1,0,3.0,284,52,5.461538461538462
1,3,2,0,2,0,1,1,1,0,0,0,0,0,3,0,0,0,5.0,372,65,5.723076923076923
1,1,2,3,0,0,1,2,1,1,2,2,0,0,1,0,0,0,2.0,302,53,5.69811320754717
1,8,2,0,0,0,1,1,1,0,2,2,2,0,1,0,1,0,11.0,360,66,5.454545454545454
1,4,2,0,0,1,2,0,1,0,2,2,0,0,1,0,0,0,2.0,575,112,5.133928571428571
0,3,61,10,1,1,6,0,0,1,0,2,0,0,1,100,1,0,5.0,421,81,5.197530864197531
1,1,2,0,2,0,1,1,1,1,0,0,0,0,8,0,2,0,28.0,318,56,5.678571428571429
0,1,30,0,0,2,2,0,0,0,0,0,0,0,1,0,0,0,1.0,38,8,4.75
1,18,2,0,1,1,0,0,1,1,2,2,2,0,1,0,2,0,7.0,232,48,4.833333333333333
0,8,1,26,1,0,1,0,1,1,2,2,0,0,1,0,0,0,2.0,340,66,5.151515151515151
1,1,14,3,1,0,3,0,2,0,0,0,0,0,1,0,0,0,4.0,304,63,4.825396825396825
0,60,3,0,1,3,0,0,1,1,1,1,1,0,1,0,0,0,3.0,426,89,4.786516853932584
0,2,10,0,1,1,0,0,0,0,0,2,0,1,1,0,0,0,10.0,602,112,5.375
1,1,2,0,0,0,1,4,1,1,0,0,0,0,3,0,0,0,4.0,326,64,5.09375
1,3,2,3,0,1,0,0,1,0,0,0,0,0,1,1,3,0,2.0,271,57,4.754385964912281
0,7,1,0,1,0,1,4,1,1,0,2,0,0,1,0,1,0,5.0,165,29,5.689655172413793
0,2,0,9,1,1,2,0,1,0,0,0,0,0,1,0,0,0,2.0,98,19,5.157894736842105
1,14,14,3,0,5,2,0,1,1,0,0,0,0,1,0,0,0,4.0,278,53,5.245283018867925
0,1,1,6,2,0,5,3,0,1,0,0,0,0,4,0,0,0,5.0,237,39,6.076923076923077
1,1,2,0,1,0,4,1,1,0,0,0,0,0,6,0,0,0,1.0,32,5,6.4
0,4,3,0,2,0,5,1,1,0,0,0,0,0,2,0,1,1,8.0,736,137,5.372262773722627
1,24,2,0,0,2,0,0,1,0,2,2,0,0,1,0,1,0,2.0,445,82,5.426829268292683
1,4,23,3,1,0,6,2,1,0,1,1,1,0,1,0,0,0,3.0,168,29,5.793103448275862
0,24,3,0,1,3,2,0,0,1,2,2,0,0,1,0,0,0,5.0,53,8,6.625
0,24,3,0,0,6,0,0,1,0,0,0,0,1,1,0,9,0,2.0,326,64,5.09375
1,1,2,0,1,0,1,1,1,1,2,2,0,0,4,0,0,0,5.0,385,51,7.549019607843137
0,3,4,0,0,1,0,0,1,2,0,2,0,0,1,38,0,0,4.0,358,70,5.114285714285714
0,2,1,0,1,0,5,1,1,1,0,0,0,0,1,100,0,0,3.0,153,26,5.884615384615385
0,12,3,0,1,0,0,0,1,0,2,2,2,0,1,0,1,0,5.0,107,21,5.095238095238095
1,12,2,0,1,1,2,0,1,0,2,2,1,0,1,100,5,0,3.0,140,25,5.6
0,3,1,0,0,0,1,1,1,1,0,2,1,0,1,0,0,0,6.0,525,89,5.898876404494382
1,7,2,0,1,1,0,0,1,0,2,2,2,0,1,110,0,0,5.0,134,22,6.090909090909091
1,1,2,7,1,0,0,0,1,1,2,2,0,0,1,0,0,0,19.0,509,91,5.593406593406593
1,2,5,0,1,1,0,0,1,0,0,2,0,0,1,0,0,0,1.0,132,28,4.714285714285714
1,4,2,0,1,0,0,0,1,0,2,0,0,0,1,0,9,0,2.0,70,12,5.833333333333333
0,2,0,0,2,0,6,1,1,0,0,0,0,0,5,0,11,0,3.0,601,113,5.31858407079646
1,24,2,0,0,2,2,0,1,0,2,2,1,0,1,0,0,0,3.0,246,44,5.590909090909091
1,5,2,0,0,1,0,0,1,1,0,0,1,0,1,0,0,0,1.0,194,40,4.85
1,5,2,3,1,6,0,0,0,0,2,2,2,0,1,0,0,0,8.0,286,58,4.931034482758621
0,39,54,48,1,1,0,0,1,0,2,2,2,0,1,0,1,0,4.0,39,7,5.571428571428571
0,6,3,0,1,0,3,1,1,1,0,0,0,0,1,0,0,0,2.0,170,35,4.857142857142857
0,1,3,0,0,4,4,0,1,0,0,2,0,0,1,50,0,0,5.0,666,120,5.55
1,48,20,0,1,4,2,0,2,2,2,2,2,0,1,0,0,0,3.0,526,94,5.595744680851064
0,1,1,0,0,6,0,0,1,1,0,0,0,0,1,0,0,0,5.0,393,76,5.171052631578948
0,6,1,0,0,4,0,0,2,1,0,0,2,0,2,0,1,0,2.0,120,16,7.5
1,48,34,0,1,2,2,0,0,1,2,2,2,0,1,250,0,0,4.0,358,69,5.188405797101449
0,4,3,0,0,1,4,3,0,0,2,2,0,0,1,0,0,0,5.0,355,68,5.220588235294118
1,18,15,0,0,3,2,0,1,0,2,2,0,0,1,10,0,0,2.0,676,131,5.1603053435114505
0,8,4,0,0,5,2,0,2,2,1,1,2,0,1,100,0,0,5.0,40,8,5.0
1,2,2,0,1,1,2,0,1,0,0,0,0,0,1,20,3,0,1.0,117,20,5.85
1,17,2,0,1,0,3,0,2,1,2,2,2,0,1,0,0,0,5.0,815,146,5.582191780821918
1,2,2,0,0,0,0,0,1,1,0,2,0,0,1,0,3,0,1.0,122,19,6.421052631578948
1,2,2,0,1,0,1,0,1,1,2,2,0,0,1,0,0,0,4.0,209,34,6.147058823529412
1,2,2,0,1,0,2,0,1,0,2,2,0,0,1,0,0,0,3.0,76,12,6.333333333333333
0,5,3,0,1,6,0,0,1,0,0,2,0,0,1,0,1,0,3.0,1132,214,5.289719626168225
1,10,2,3,0,1,2,0,1,0,0,0,0,0,1,0,0,0,2.0,45,2,22.5
0,2,3,0,0,6,0,0,0,0,0,2,0,0,1,0,1,0,5.0,104,19,5.473684210526316
1,73,8,0,0,0,1,0,2,1,2,2,0,0,1,0,0,0,1.0,234,43,5.441860465116279
1,2,2,3,2,1,2,0,1,0,1,1,1,0,2,0,3,0,2.0,116,22,5.2727272727272725
0,2,7,6,1,0,5,1,1,1,0,0,0,0,1,50,0,0,4.0,339,62,5.467741935483871
0,3,0,0,0,0,2,0,1,0,1,1,1,0,1,0,5,0,2.0,42,10,4.2
0,1,3,0,1,6,0,0,1,0,0,0,0,0,1,0,0,0,1.0,43,8,5.375
0,12,3,0,1,5,2,0,1,0,2,2,0,0,7,0,0,0,2.0,227,40,5.675
0,3,3,0,1,0,2,0,1,0,0,2,0,0,1,0,0,0,5.0,372,66,5.636363636363637
0,3,3,0,1,0,5,1,1,1,0,0,0,0,1,0,1,3,10.0,1108,199,5.567839195979899
1,2,2,0,2,0,1,1,1,0,0,0,0,0,6,0,1,0,1.0,276,50,5.52
0,2,3,0,2,0,0,0,1,1,0,0,0,0,5,0,0,0,5.0,68,11,6.181818181818182
0,48,1,9,1,0,1,5,1,1,2,2,2,0,2,0,0,0,3.0,179,31,5.774193548387097
0,10,7,0,0,1,4,0,2,2,2,2,0,0,1,100,6,0,2.0,210,44,4.7727272727272725
1,1,2,0,0,0,1,0,1,0,1,2,0,0,1,0,0,0,2.0,89,17,5.235294117647059
1,12,109,0,1,0,0,0,0,0,2,2,2,0,1,250,0,0,3.0,263,50,5.26
1,1,2,0,1,1,2,0,1,0,1,1,0,0,1,0,0,0,4.0,129,23,5.608695652173913
1,2,2,3,1,1,2,0,1,1,2,2,0,0,1,0,0,0,5.0,12,2,6.0
0,1,1,67,1,3,2,0,1,1,0,0,1,0,1,0,0,0,1.0,62,14,4.428571428571429
0,9,142,0,1,0,2,0,1,2,2,2,0,0,1,500,0,0,5.0,95,17,5.588235294117647
1,60,2,0,1,4,5,0,2,1,1,1,1,0,1,0,8,0,5.0,402,77,5.220779220779221
0,1,3,0,0,0,5,0,1,0,0,2,0,0,3,0,0,0,1.0,167,31,5.387096774193548
1,5,2,0,0,0,2,0,1,2,0,0,0,0,1,1,2,0,1.0,46,8,5.75
0,6,26,19,1,2,3,1,1,0,2,2,2,0,2,50,0,0,2.0,288,54,5.333333333333333
0,2,1,0,0,0,4,3,1,1,0,2,0,0,1,0,0,0,11.0,1509,306,4.931372549019608
0,1,3,0,0,0,0,0,0,0,0,0,0,0,1,0,0,0,1.0,183,36,5.083333333333333
0,16,36,0,1,3,2,0,1,1,0,2,0,0,2,100,0,0,2.0,22,4,5.5
0,6,64,0,0,0,1,3,1,0,1,1,0,0,1,0,0,0,5.0,179,32,5.59375
1,1,2,0,1,0,0,0,1,1,0,0,0,0,1,0,0,0,6.0,372,69,5.391304347826087
0,2,3,0,1,0,5,1,0,0,0,2,0,0,1,0,0,4,13.0,1918,360,5.3277777777777775
0,9,3,0,1,6,0,0,0,0,2,2,2,0,1,0,5,0,3.0,133,18,7.388888888888889
1,6,2,0,1,1,2,0,1,0,2,2,2,0,1,0,2,0,2.0,791,154,5.136363636363637
1,1,2,3,2,0,1,5,0,0,0,0,0,0,5,0,1,0,1.0,136,29,4.689655172413793
1,3,23,3,0,1,2,0,1,0,2,2,0,0,1,0,1,0,4.0,139,26,5.346153846153846
0,24,3,0,1,6,3,1,1,0,2,2,2,0,1,0,1,0,3.0,304,53,5.735849056603773
1,4,2,0,1,1,0,0,1,1,2,2,1,0,1,0,0,2,3.0,259,50,5.18
0,3,3,9,0,0,3,0,1,0,2,2,0,0,1,50,1,0,1.0,340,64,5.3125
1,36,83,3,1,5,2,0,0,1,2,2,2,0,2,0,0,0,3.0,592,104,5.6923076923076925
0,8,3,9,1,3,0,0,1,0,2,2,0,0,1,0,0,0,5.0,108,20,5.4
1,1,2,0,0,0,2,0,0,0,0,0,0,0,1,0,0,0,5.0,337,65,5.184615384615385
0,1,3,0,2,0,3,1,0,0,0,1,0,0,4,0,1,0,3.0,286,51,5.607843137254902
1,24,9,0,1,1,4,1,1,1,1,1,1,0,1,0,5,0,0.0,125,25,5.0
1,5,2,0,0,1,2,0,1,0,2,2,0,0,1,0,2,0,3.0,273,52,5.25
0,20,10,1,2,0,1,4,1,2,2,2,0,0,5,0,0,0,1.0,327,63,5.190476190476191
0,3,0,9,1,0,2,0,0,0,0,2,0,0,1,0,5,0,1.0,191,37,5.162162162162162
1,12,2,0,1,0,1,1,1,1,2,2,2,0,1,0,0,0,5.0,319,62,5.145161290322581
0,36,3,0,1,0,3,1,1,1,0,0,2,0,1,0,1,0,4.0,212,39,5.435897435897436
0,2,3,0,0,3,0,0,1,0,0,2,0,0,1,0,1,0,5.0,200,41,4.878048780487805
1,2,2,0,1,2,0,0,1,0,2,2,2,0,1,0,1,0,1.0,559,40,13.975
0,0,0,0,1,1,3,0,1,0,0,0,0,0,1,0,0,0,3.0,352,70,5.0285714285714285
0,9,7,6,1,0,3,1,1,1,2,2,2,0,1,0,0,0,3.0,195,38,5.131578947368421
1,3,2,0,1,0,1,0,1,1,2,2,0,0,1,0,0,0,2.0,229,41,5.585365853658536
1,2,2,0,2,0,6,1,1,0,0,0,0,0,6,0,0,0,2.0,99,19,5.2105263157894735
1,1,2,0,2,0,1,0,1,1,0,0,0,0,3,0,0,0,5.0,325,65,5.0
0,2,1,26,2,0,4,1,1,1,0,2,0,0,3,0,0,0,5.0,1209,228,5.302631578947368
1,2,2,0,1,1,0,0,1,2,2,2,0,0,1,0,0,0,1.0,141,30,4.7
1,1,2,3,2,1,4,1,1,1,2,2,0,0,4,0,0,0,11.0,334,50,6.68
1,4,2,0,2,1,4,0,1,0,0,0,0,0,2,200,0,0,2.0,365,70,5.214285714285714
1,3,2,0,1,1,0,0,2,0,1,1,0,0,1,0,0,0,2.0,119,21,5.666666666666667
1,12,51,50,0,0,1,0,0,1,2,2,1,0,2,0,0,0,2.0,330,59,5.593220338983051
0,17,1,57,0,5,2,0,1,1,2,2,0,1,1,50,5,0,3.0,1706,304,5.6118421052631575
1,3,2,31,0,0,1,0,1,0,0,2,0,0,2,0,0,3,8.0,1982,372,5.327956989247312
1,3,2,0,1,0,1,0,1,1,0,2,0,0,1,0,0,0,6.0,997,186,5.360215053763441
0,2,4,26,0,0,3,1,1,2,0,2,0,0,1,50,0,2,10.0,2407,438,5.495433789954338
1,2,2,0,1,0,0,0,1,1,2,2,0,0,1,0,1,0,1.0,331,63,5.253968253968254
0,2,94,26,2,0,3,1,0,0,0,0,0,0,5,0,0,0,5.0,122,22,5.545454545454546
1,2,2,3,2,2,0,0,1,0,0,0,0,0,6,0,0,0,5.0,475,87,5.459770114942529
1,36,2,0,0,2,2,0,0,1,1,1,0,0,1,0,1,0,1.0,407,80,5.0875
0,1,1,0,1,2,3,1,1,2,0,0,0,0,2,0,0,0,2.0,28,6,4.666666666666667
1,2,2,3,1,0,2,0,1,0,2,2,0,0,1,150,0,0,1.0,82,15,5.466666666666667
0,3,3,0,2,0,3,1,2,0,1,1,1,0,3,0,0,0,3.0,154,29,5.310344827586207
1,1,2,0,0,0,1,0,1,1,2,2,0,0,1,0,0,0,1.0,103,17,6.0588235294117645
0,6,3,0,1,6,0,0,0,1,0,2,0,0,1,0,0,0,5.0,255,40,6.375
1,2,2,0,0,0,1,1,1,2,0,0,0,0,1,0,0,0,6.0,171,34,5.029411764705882
1,9,57,0,1,0,0,0,2,0,1,1,2,0,1,0,5,0,8.0,398,69,5.768115942028985
1,2,2,0,2,1,4,0,1,0,2,2,0,0,2,0,2,0,8.0,174,37,4.702702702702703
0,1,3,0,0,0,2,0,0,0,1,1,1,0,1,0,0,0,4.0,178,33,5.393939393939394
0,4,108,67,1,2,3,1,1,2,1,1,0,0,1,0,1,0,1.0,317,50,6.34
1,12,2,3,1,1,2,0,1,1,2,2,2,0,2,0,0,0,5.0,1022,185,5.524324324324325
0,5,0,20,1,0,3,1,1,1,0,0,0,0,1,0,0,0,7.0,471,87,5.413793103448276
1,60,33,0,0,2,2,0,1,2,2,2,2,0,1,350,5,0,3.0,644,111,5.801801801801802
0,1,1,6,2,3,0,0,0,1,0,0,0,0,4,0,0,0,7.0,55,9,6.111111111111111
1,9,2,0,0,0,0,0,1,0,2,2,2,0,1,0,1,0,14.0,231,48,4.8125
0,2,3,0,0,0,0,0,1,0,0,2,0,0,1,0,1,0,12.0,1727,318,5.430817610062893
0,2,3,0,1,0,6,1,1,0,0,0,0,0,1,0,0,0,4.0,603,115,5.243478260869566
0,4,3,6,0,0,2,0,1,0,1,1,0,0,1,0,0,0,5.0,483,82,5.890243902439025
1,60,23,0,1,0,2,0,1,1,2,2,0,0,1,500,0,0,3.0,119,16,7.4375
1,76,2,0,0,1,4,1,1,0,2,2,2,0,1,0,1,0,1.0,394,72,5.472222222222222
0,12,1,0,1,5,2,0,1,1,0,2,2,0,1,0,0,0,14.0,149,24,6.208333333333333
1,1,2,0,0,1,2,0,1,1,0,0,0,0,1,0,0,0,4.0,147,25,5.88
0,3,7,6,0,2,2,0,0,2,0,2,0,0,1,300,0,0,4.0,98,19,5.157894736842105
1,3,2,0,1,5,2,0,1,1,0,2,0,0,1,0,5,0,3.0,400,81,4.938271604938271
0,7,1,0,1,5,2,0,1,1,2,2,0,0,1,100,0,0,3.0,159,32,4.96875
0,5,36,0,1,0,4,0,0,0,0,0,0,0,1,0,0,0,1.0,87,17,5.117647058823529
0,5,10,0,0,1,4,0,1,0,2,2,0,0,1,0,9,0,6.0,825,172,4.796511627906977
1,2,2,0,1,0,1,1,1,1,0,2,0,0,1,100,0,0,3.0,42,6,7.0
1,36,2,0,0,0,0,0,2,2,2,2,2,0,2,0,0,0,4.0,225,44,5.113636363636363
0,8,3,0,1,0,2,0,1,0,2,2,0,0,1,0,0,0,1.0,466,87,5.35632183908046
0,2,10,0,1,3,2,0,0,0,1,1,0,0,1,0,0,0,4.0,384,73,5.260273972602739
1,1,2,0,1,0,1,2,1,1,0,2,0,0,3,0,1,0,1.0,57,8,7.125
1,1,2,0,1,1,4,1,1,1,0,0,0,0,1,0,0,0,5.0,189,31,6.096774193548387
0,24,3,0,0,0,1,0,1,0,1,2,2,0,1,0,0,0,2.0,189,37,5.108108108108108
0,1,31,118,0,0,0,0,0,1,0,2,0,0,1,0,1,0,1.0,255,42,6.071428571428571
0,6,3,0,0,1,0,0,1,0,2,2,0,0,1,0,9,0,1.0,177,37,4.783783783783784
1,3,2,0,2,0,1,0,2,0,0,0,0,0,3,50,0,0,22.0,3531,627,5.631578947368421
1,1,20,80,0,4,2,0,1,1,0,0,1,0,1,0,1,0,1.0,215,38,5.657894736842105
0,15,3,9,2,6,4,1,1,0,1,1,1,0,2,0,0,0,4.0,301,54,5.574074074074074
1,7,5,0,1,0,2,0,2,2,2,2,2,0,1,0,1,0,1.0,39,7,5.571428571428571
1,2,2,0,1,0,5,0,0,2,0,0,0,0,1,0,1,0,2.0,283,48,5.895833333333333
0,1,4,0,1,0,1,4,2,2,0,0,1,0,1,0,0,0,4.0,294,46,6.391304347826087
0,1,1,0,0,0,0,0,0,1,0,0,0,0,1,0,0,1,1.0,171,31,5.516129032258065
1,1,2,0,0,2,2,0,1,1,1,1,0,0,1,0,0,0,4.0,88,17,5.176470588235294
1,4,14,3,0,0,2,0,1,0,2,2,2,0,1,0,0,0,11.0,347,63,5.507936507936508
0,6,3,9,1,0,5,1,1,0,0,2,0,0,1,0,1,0,3.0,34,6,5.666666666666667
1,2,2,0,1,1,6,0,1,0,0,0,0,0,1,0,0,0,2.0,456,82,5.560975609756097
1,3,2,0,0,1,2,0,1,1,0,2,0,0,1,0,2,0,2.0,417,96,4.34375
1,2,14,3,0,1,2,0,1,0,2,1,0,0,1,0,0,0,6.0,94,20,4.7
0,9,1,0,0,0,3,0,1,1,0,0,0,0,1,0,0,0,1.0,275,46,5.978260869565218
1,2,2,3,0,0,2,0,1,1,0,2,0,0,3,0,0,0,8.0,450,80,5.625
0,16,1,0,1,3,2,0,2,1,2,2,2,0,1,0,1,1,2.0,330,64,5.15625
0,5,26,0,1,0,1,1,0,0,2,2,2,0,1,200,5,0,6.0,1240,233,5.3218884120171674
1,2,39,3,0,0,1,0,2,0,2,2,0,0,1,0,0,0,5.0,105,20,5.25
0,5,3,0,0,6,0,0,1,0,2,2,2,0,1,100,1,0,1.0,70,12,5.833333333333333
0,1,3,0,0,6,0,0,1,0,0,0,0,0,1,0,1,0,3.0,267,48,5.5625
1,30,21,35,1,0,6,2,2,2,2,2,2,0,1,0,1,0,6.0,723,149,4.852348993288591
0,1,1,0,1,0,0,0,1,1,1,2,1,0,1,0,1,0,3.0,205,43,4.767441860465116
1,19,2,0,1,5,2,0,2,0,0,2,0,0,1,0,0,1,13.0,705,122,5.778688524590164
0,7,56,0,1,0,1,0,1,1,2,2,0,0,1,0,1,0,3.0,584,121,4.8264462809917354
1,3,2,3,1,0,2,0,0,1,2,2,0,0,1,0,1,0,1.0,167,30,5.566666666666666
1,12,2,0,1,0,0,0,1,1,1,1,2,0,1,0,3,0,1.0,229,46,4.978260869565218
1,3,8,3,1,0,1,0,1,1,2,2,0,0,1,0,1,0,2.0,236,44,5.363636363636363
1,16,2,0,0,1,0,0,1,0,2,0,0,0,1,0,3,0,3.0,166,32,5.1875
1,2,14,3,1,0,0,0,2,0,0,0,0,0,1,0,8,0,16.0,207,40,5.175
1,84,71,24,1,5,2,0,0,1,2,2,2,0,1,0,0,0,2.0,356,54,6.592592592592593
1,3,2,0,0,0,2,0,1,0,0,0,0,0,2,0,0,0,8.0,255,52,4.903846153846154
0,4,3,0,0,1,3,0,1,1,2,2,0,0,1,0,5,0,12.0,1216,237,5.1308016877637135
1,2,70,3,0,1,2,0,1,0,1,1,0,0,1,0,0,0,3.0,82,14,5.857142857142857
0,2,3,9,0,0,1,2,0,0,0,0,0,1,1,0,0,0,3.0,86,14,6.142857142857143
0,24,1,0,1,0,3,1,1,1,2,2,2,0,1,0,1,0,3.0,110,23,4.782608695652174
0,2,3,0,1,1,2,0,0,0,1,2,0,0,1,0,1,0,3.0,113,17,6.647058823529412
0,10,3,0,2,4,3,1,0,1,0,0,2,0,7,0,13,0,3.0,104,21,4.9523809523809526
1,54,13,0,0,0,1,1,1,2,2,2,2,0,1,150,0,0,8.0,413,75,5.506666666666667
0,5,1,6,2,0,1,1,1,1,2,2,0,0,2,0,0,0,5.0,342,63,5.428571428571429
0,3,10,0,0,2,0,0,1,0,2,2,0,0,1,0,1,0,2.0,105,17,6.176470588235294
0,5,3,0,2,6,4,1,0,0,0,0,1,0,4,0,0,0,1.0,256,53,4.830188679245283
0,1,3,0,2,0,3,1,1,1,0,0,0,0,6,0,0,0,5.0,344,63,5.4603174603174605
0,3,1,0,1,0,2,0,1,1,0,2,0,0,1,0,0,0,2.0,193,30,6.433333333333334
1,1,2,0,0,2,0,0,1,0,2,0,0,0,1,0,12,0,1.0,789,165,4.781818181818182
1,2,2,0,1,0,1,0,1,0,0,2,0,0,1,0,3,0,3.0,172,25,6.88
1,2,2,3,1,0,0,0,1,1,0,2,0,0,1,0,0,0,4.0,12,2,6.0
0,1,3,0,2,1,5,3,0,1,0,0,0,0,5,0,0,0,7.0,328,60,5.466666666666667
0,2,3,0,1,0,0,0,0,0,0,0,0,0,1,0,0,0,2.0,166,30,5.533333333333333
1,1,2,0,1,1,2,0,1,1,2,0,0,0,1,0,0,0,2.0,89,16,5.5625
1,15,2,0,1,0,1,1,1,0,0,2,2,0,1,0,6,0,1.0,249,42,5.928571428571429
0,4,1,0,1,1,3,1,0,1,0,0,0,0,1,0,0,0,1.0,80,16,5.0
0,3,1,0,2,4,0,0,1,1,0,0,0,0,2,0,0,0,5.0,262,48,5.458333333333333
0,11,4,0,0,0,0,0,1,0,0,0,0,0,1,50,0,0,2.0,374,76,4.921052631578948
1,1,2,3,1,0,1,2,1,1,0,0,0,0,1,1,1,0,3.0,306,57,5.368421052631579
0,4,1,0,1,6,2,0,0,0,0,0,0,0,1,0,1,0,4.0,79,13,6.076923076923077
0,2,4,0,2,0,6,1,0,1,0,0,0,0,2,0,0,0,4.0,146,29,5.0344827586206895
0,84,1,9,1,6,3,1,0,0,2,2,2,0,1,0,0,0,1.0,423,87,4.862068965517241
1,60,19,0,1,0,2,0,0,0,1,1,1,0,1,25,0,0,2.0,520,99,5.252525252525253
1,2,126,3,0,0,1,1,1,0,0,2,0,0,1,0,0,0,4.0,339,65,5.2153846153846155
1,9,11,0,1,0,1,1,0,0,2,2,2,0,1,200,1,0,1.0,615,119,5.168067226890757
1,60,19,0,0,3,2,0,1,0,0,2,0,0,1,0,1,0,1.0,22,5,4.4
1,2,2,0,2,0,1,1,1,0,1,1,1,0,8,0,1,0,5.0,169,29,5.827586206896552
0,18,3,0,1,1,2,0,1,0,1,2,2,0,1,0,1,0,3.0,717,138,5.195652173913044
1,2,14,3,1,0,6,2,2,1,2,2,0,0,1,0,0,0,19.0,30,5,6.0
0,4,0,9,0,1,3,1,1,0,2,2,0,0,1,0,1,0,13.0,1034,178,5.808988764044944
0,3,26,6,1,0,5,1,1,1,2,2,0,0,1,0,0,1,2.0,14,2,7.0
1,3,2,3,1,1,0,0,1,0,0,0,0,0,1,0,0,0,5.0,250,47,5.319148936170213
1,1,2,0,1,0,0,0,1,1,0,0,0,0,1,0,0,0,11.0,410,75,5.466666666666667
1,4,23,3,1,0,1,2,0,1,0,0,0,1,1,30,1,0,3.0,491,98,5.010204081632653
1,60,2,24,1,5,2,0,1,2,2,2,0,0,1,0,0,0,4.0,676,118,5.728813559322034
1,12,2,30,1,0,0,0,1,0,2,2,2,0,1,0,0,0,1.0,306,62,4.935483870967742
0,2,26,9,2,0,6,1,0,0,2,2,0,0,2,0,0,0,9.0,458,83,5.518072289156627
1,2,2,3,0,0,1,0,1,1,2,2,0,0,1,0,1,0,2.0,108,21,5.142857142857143
0,1,3,0,2,0,3,1,0,0,0,0,0,0,4,0,1,0,3.0,33,5,6.6
0,1,3,26,0,4,5,1,1,0,0,2,0,0,1,0,0,0,3.0,746,108,6.907407407407407
1,2,2,3,0,1,2,0,1,0,2,2,0,0,1,0,0,0,3.0,234,43,5.441860465116279
1,1,2,3,1,0,1,0,1,0,2,2,0,0,1,0,0,0,4.0,58,13,4.461538461538462
0,1,3,9,2,1,6,3,1,0,0,0,0,0,2,0,1,0,14.0,324,52,6.230769230769231
1,1,2,0,1,0,1,0,1,0,0,2,0,0,1,0,0,0,4.0,382,75,5.093333333333334
1,16,2,0,2,1,5,1,1,0,1,1,1,0,5,0,3,0,5.0,607,118,5.1440677966101696
0,9,36,9,0,3,2,0,1,1,0,2,0,0,1,0,1,0,2.0,202,43,4.6976744186046515
1,1,2,3,0,1,4,1,1,1,2,2,0,0,1,0,0,0,2.0,297,52,5.711538461538462
0,1,3,0,0,0,1,5,1,0,0,0,0,0,1,0,1,0,1.0,84,15,5.6
0,1,12,0,1,0,1,0,1,0,0,0,0,0,1,0,1,0,5.0,215,37,5.8108108108108105
0,3,4,0,1,0,5,1,1,1,2,2,0,0,1,150,0,0,1.0,752,145,5.186206896551724
1,4,2,0,0,0,2,0,1,1,0,0,0,1,1,0,1,0,4.0,992,188,5.276595744680851
1,11,2,0,0,1,0,0,0,0,1,1,1,0,1,0,0,0,1.0,155,28,5.535714285714286
0,3,7,8,0,1,0,0,0,1,0,0,0,0,1,200,1,0,1.0,224,32,7.0
1,2,2,0,0,0,1,0,1,0,1,1,0,0,1,0,0,0,1.0,88,16,5.5
0,24,3,0,1,3,2,0,0,0,2,2,1,0,1,0,1,0,3.0,221,38,5.815789473684211
0,6,3,0,1,2,0,0,0,0,2,2,2,0,1,0,1,0,4.0,313,61,5.131147540983607
1,1,2,0,1,0,5,1,1,0,0,0,0,0,1,0,0,0,1.0,71,13,5.461538461538462
1,2,2,0,2,0,1,2,1,0,0,0,0,0,2,0,0,0,4.0,645,119,5.420168067226891
1,1,2,0,1,1,2,0,1,0,0,2,0,0,2,0,1,0,14.0,495,96,5.15625
1,2,2,0,1,1,0,0,1,1,2,2,1,0,2,0,6,0,2.0,100,16,6.25
1,1,2,0,1,0,1,3,1,1,0,0,0,0,2,0,3,0,5.0,437,68,6.426470588235294
0,2,3,0,1,0,3,0,1,0,0,0,0,0,2,0,0,0,0.0,574,108,5.314814814814815
0,24,78,0,1,3,2,0,1,1,2,2,2,0,1,0,1,0,1.0,176,37,4.756756756756757
1,23,2,3,1,1,2,0,2,1,2,2,2,0,1,0,0,0,2.0,296,61,4.852459016393443
1,1,2,0,0,1,2,0,0,1,2,2,0,0,1,0,9,0,1.0,283,53,5.339622641509434
1,2,112,3,1,1,0,0,1,1,0,2,0,0,1,0,0,0,8.0,12,2,6.0
1,2,2,0,1,0,0,0,1,0,0,2,0,0,1,0,1,0,1.0,113,20,5.65
1,4,2,0,1,0,0,0,1,0,2,2,2,0,1,0,0,0,1.0,106,20,5.3
0,8,10,0,1,3,0,0,1,1,2,2,2,0,1,250,3,0,3.0,339,52,6.519230769230769
0,1,3,0,1,0,3,1,1,0,0,2,0,0,1,0,0,0,7.0,655,128,5.1171875
0,2,26,0,2,1,6,1,1,0,1,2,1,0,4,0,3,0,2.0,247,42,5.880952380952381
0,1,10,9,2,0,3,1,1,0,0,0,0,0,6,0,1,0,11.0,346,60,5.766666666666667
1,2,14,3,1,1,2,0,1,1,1,1,0,0,1,0,0,0,2.0,130,23,5.6521739130434785
1,2,2,0,2,0,1,2,1,0,1,1,1,0,5,0,1,0,3.0,178,38,4.684210526315789
0,3,3,10,0,6,0,0,2,1,2,2,0,0,1,0,1,0,1.0,63,7,9.0
1,2,14,3,0,0,2,0,2,1,1,2,1,0,1,0,1,0,3.0,636,130,4.892307692307693
1,18,2,0,1,6,4,0,1,0,2,2,2,0,1,0,0,0,2.0,135,28,4.821428571428571
1,5,2,3,0,0,2,0,1,1,2,2,0,0,1,0,0,0,3.0,258,52,4.961538461538462
1,2,2,0,0,0,1,0,1,0,2,2,0,0,1,0,0,0,8.0,1071,209,5.124401913875598
0,5,3,0,1,0,3,1,1,0,0,2,0,0,1,0,1,0,2.0,316,55,5.745454545454545
1,3,2,0,1,2,2,0,1,2,0,2,0,0,1,200,5,0,11.0,2100,392,5.357142857142857
1,1,2,0,1,0,1,0,1,0,2,2,0,0,1,0,0,0,8.0,187,31,6.032258064516129
1,1,2,0,0,0,2,0,1,1,0,0,0,0,1,0,5,0,5.0,411,76,5.407894736842105
0,24,3,0,1,0,1,1,0,0,2,2,2,0,1,0,0,0,2.0,435,81,5.37037037037037
0,2,4,0,2,0,1,0,2,2,0,0,0,0,4,0,0,0,5.0,709,131,5.412213740458015
1,26,48,0,1,1,2,0,0,1,2,2,0,0,1,100,1,0,2.0,228,53,4.30188679245283
0,2,3,0,2,1,3,1,0,0,0,2,0,0,5,0,1,0,5.0,30,6,5.0
1,24,9,0,0,0,1,1,1,2,2,2,2,0,1,0,0,0,1.0,157,30,5.233333333333333
1,2,2,3,0,0,1,0,1,1,2,2,0,0,1,0,0,0,5.0,12,2,6.0
1,72,2,0,1,0,1,0,1,0,2,2,0,0,1,0,0,0,2.0,54,12,4.5
1,7,2,0,1,0,1,0,1,0,2,2,0,0,1,0,0,0,4.0,342,59,5.796610169491525
1,7,2,107,1,0,0,0,1,0,2,2,0,0,1,100,0,0,3.0,155,24,6.458333333333333
1,24,14,3,0,1,4,1,2,0,0,0,0,0,3,0,5,1,5.0,907,167,5.431137724550898
1,48,20,0,2,4,2,0,2,2,2,2,0,0,2,0,1,0,3.0,325,56,5.803571428571429
0,3,3,0,1,5,2,0,1,1,1,1,0,0,1,50,1,0,3.0,315,60,5.25
1,2,2,0,1,0,1,0,1,0,1,1,0,0,1,0,0,0,1.0,71,13,5.461538461538462
1,9,20,3,1,1,2,0,2,1,2,2,2,0,1,0,1,0,2.0,184,37,4.972972972972973
1,2,2,0,0,1,2,0,0,0,2,2,2,1,1,0,6,0,5.0,667,121,5.512396694214876
1,3,2,0,0,1,2,0,1,0,0,0,0,0,1,0,0,1,4.0,671,127,5.283464566929134
0,4,3,0,1,1,4,0,1,0,0,0,0,0,1,0,0,0,2.0,48,10,4.8
1,37,57,3,0,0,0,0,1,0,2,2,0,0,1,200,0,0,2.0,79,13,6.076923076923077
1,2,2,0,1,4,2,0,1,1,0,2,0,0,1,0,0,0,2.0,268,51,5.254901960784314
0,7,3,0,1,3,0,0,1,0,0,0,1,0,2,0,0,0,3.0,247,44,5.613636363636363
0,1,1,0,0,0,1,0,1,1,1,1,1,0,1,0,1,0,2.0,118,23,5.130434782608695
0,5,0,0,0,1,2,0,1,0,2,2,2,0,1,0,0,0,2.0,124,22,5.636363636363637
0,4,26,0,1,0,1,1,1,1,0,2,0,0,1,50,1,0,3.0,1269,238,5.331932773109243
1,4,15,14,0,0,1,1,1,0,0,0,0,0,1,0,0,0,4.0,83,13,6.384615384615385
1,6,2,0,1,5,2,0,1,0,2,2,2,0,1,0,0,0,2.0,600,116,5.172413793103448
1,60,68,0,1,1,0,0,1,0,1,2,0,0,1,350,0,0,4.0,365,62,5.887096774193548
1,4,2,3,0,2,2,0,1,0,2,2,2,0,1,0,0,0,3.0,200,37,5.405405405405405
1,4,23,3,1,0,1,0,1,0,1,1,0,0,1,0,0,0,3.0,203,39,5.205128205128205
0,2,3,0,0,4,2,0,0,0,0,0,0,0,1,50,0,0,4.0,172,30,5.733333333333333
0,4,1,0,1,0,0,0,1,1,0,2,0,0,1,0,0,0,1.0,297,59,5.033898305084746
0,12,7,10,0,5,2,0,1,0,2,0,1,0,1,0,1,0,0.0,221,38,5.815789473684211
0,3,3,0,1,1,3,1,1,0,1,1,1,0,1,0,0,0,0.0,445,91,4.8901098901098905
0,9,1,0,1,6,0,0,2,0,0,2,2,0,1,0,5,0,4.0,125,25,5.0
0,3,1,0,1,4,2,0,1,1,0,2,0,0,1,0,0,0,3.0,345,63,5.476190476190476
1,3,2,0,1,2,0,0,1,0,2,2,0,0,1,0,1,0,3.0,124,23,5.391304347826087
0,5,3,0,1,4,2,0,1,0,0,0,0,0,1,60,1,0,2.0,70,13,5.384615384615385
1,12,2,0,0,0,1,0,1,1,0,0,0,0,1,0,5,0,1.0,912,175,5.211428571428572
1,4,2,3,0,0,1,1,1,0,0,2,0,0,1,0,3,0,2.0,144,31,4.645161290322581
1,1,2,0,0,1,2,0,1,0,0,0,0,0,1,0,1,0,1.0,308,53,5.811320754716981
1,2,2,0,1,0,1,1,1,0,0,2,0,0,2,0,3,0,2.0,68,12,5.666666666666667
1,48,2,0,1,1,2,0,1,0,2,2,2,0,1,0,0,0,1.0,200,38,5.2631578947368425
1,2,2,0,0,1,2,0,1,0,0,2,0,0,1,0,1,0,4.0,339,62,5.467741935483871
0,2,3,0,1,0,0,0,0,0,0,2,0,0,1,0,0,0,3.0,624,119,5.243697478991597
1,3,33,27,1,1,2,0,0,0,0,0,0,0,1,0,2,0,3.0,37,6,6.166666666666667
0,2,3,0,0,4,3,1,0,1,0,2,0,0,1,0,3,0,2.0,163,28,5.821428571428571
1,1,2,0,1,0,0,0,1,0,0,0,0,0,1,0,9,0,5.0,18,3,6.0
1,1,2,0,1,0,2,0,1,0,0,0,0,0,1,0,9,0,1.0,401,77,5.207792207792208
0,16,3,0,1,0,5,1,0,0,0,0,0,0,15,0,0,0,4.0,387,71,5.450704225352113
1,180,2,0,0,3,2,0,1,1,2,2,2,0,1,0,3,0,1.0,160,25,6.4
0,48,3,0,0,3,0,0,1,0,2,2,2,0,1,0,0,0,1.0,190,36,5.277777777777778
1,12,21,0,0,0,3,1,1,1,2,0,0,0,1,400,9,0,1.0,1146,208,5.509615384615385
0,5,0,1,0,6,0,0,1,2,0,0,0,0,1,0,0,0,2.0,1016,197,5.157360406091371
0,1,3,0,2,0,1,0,0,0,0,0,0,0,2,0,1,0,4.0,670,123,5.4471544715447155
0,2,3,9,2,0,6,3,0,1,0,0,0,0,3,0,0,0,6.0,229,39,5.871794871794871
0,4,1,20,2,0,6,1,1,1,0,0,0,0,5,0,1,0,5.0,956,178,5.370786516853933
1,3,2,0,2,2,2,0,1,0,2,2,2,0,3,0,0,0,2.0,198,38,5.2105263157894735
1,12,2,0,0,1,6,1,2,0,2,2,0,0,1,0,0,0,2.0,536,100,5.36
0,1,3,0,1,1,3,1,0,0,1,1,0,0,1,30,0,0,1.0,159,23,6.913043478260869
0,2,32,0,1,3,0,0,1,0,0,0,0,0,3,0,0,0,1.0,135,23,5.869565217391305
0,2,3,0,0,0,2,0,0,0,0,0,0,0,1,0,0,0,7.0,33,7,4.714285714285714
1,9,14,0,1,0,2,0,1,1,1,1,1,0,1,0,0,0,3.0,477,90,5.3
1,2,2,0,0,0,1,0,1,0,0,0,0,0,1,0,3,0,1.0,79,12,6.583333333333333
1,12,2,0,1,1,2,0,1,0,0,2,2,0,1,0,5,0,4.0,369,71,5.197183098591549
1,12,5,0,1,2,2,0,0,0,1,1,1,0,1,0,1,0,5.0,352,66,5.333333333333333
0,2,3,0,0,4,5,0,0,0,0,2,0,0,1,30,0,0,4.0,489,90,5.433333333333334
0,8,3,0,1,1,0,0,1,0,1,1,2,0,1,0,0,0,1.0,490,99,4.94949494949495
1,1,2,3,2,0,1,0,1,2,0,0,0,0,2,0,0,1,5.0,149,28,5.321428571428571
0,44,10,0,1,1,4,0,1,0,2,2,2,0,1,0,0,1,19.0,749,135,5.548148148148148
0,1,64,6,2,3,2,0,0,1,0,0,0,0,4,0,8,0,0.0,157,31,5.064516129032258
0,7,3,0,1,1,6,1,1,0,0,2,2,0,1,0,0,0,3.0,154,35,4.4
0,6,3,9,2,0,3,0,1,0,0,0,0,0,2,0,0,0,3.0,422,71,5.943661971830986
1,1,2,0,1,0,3,0,1,0,0,0,0,0,1,0,1,0,1.0,200,38,5.2631578947368425
1,2,2,3,1,0,1,0,1,0,0,2,0,0,4,0,3,0,3.0,160,29,5.517241379310345
0,24,3,0,1,0,0,0,1,0,2,2,0,0,1,0,1,0,2.0,376,73,5.1506849315068495
1,1,2,0,2,0,1,0,1,0,0,0,1,0,4,0,9,0,9.0,97,18,5.388888888888889
1,5,2,0,0,0,2,0,1,0,2,2,0,0,1,0,0,1,5.0,519,103,5.038834951456311
0,2,3,0,0,0,0,0,0,1,0,0,0,0,1,0,1,0,3.0,736,152,4.842105263157895
1,3,2,0,1,0,1,0,1,0,2,2,0,0,1,200,1,0,2.0,236,41,5.7560975609756095
1,24,2,0,0,0,1,1,1,1,2,2,0,0,1,100,5,0,2.0,2167,383,5.657963446475196
0,8,1,6,2,0,5,1,1,1,0,0,0,0,3,0,0,0,0.0,49,8,6.125
1,0,23,3,1,0,1,0,1,2,1,1,1,0,1,0,1,0,5.0,206,39,5.282051282051282
0,6,7,0,1,1,0,0,1,2,0,2,0,0,1,750,0,0,10.0,150,28,5.357142857142857
1,2,2,0,2,1,6,0,0,0,0,0,0,0,3,0,0,0,4.0,46,9,5.111111111111111
0,1,3,0,0,1,5,1,1,0,0,2,0,0,1,0,1,0,1.0,456,89,5.123595505617978
0,12,7,1,0,0,0,0,2,1,2,2,2,0,1,200,0,0,12.0,411,77,5.337662337662338
1,3,2,0,1,1,2,0,1,0,0,0,0,0,1,0,1,0,5.0,619,118,5.245762711864407
0,12,3,0,0,1,6,1,1,1,0,2,0,0,1,0,2,1,4.0,760,144,5.277777777777778
1,36,25,3,1,0,1,1,1,0,2,2,2,0,1,0,0,0,5.0,318,61,5.213114754098361
1,12,13,3,1,5,2,0,1,1,1,1,1,0,1,0,0,0,4.0,339,64,5.296875
1,3,2,0,0,2,2,0,1,0,1,2,0,0,1,0,1,0,6.0,237,37,6.405405405405405
1,3,2,0,0,0,0,0,1,1,2,2,0,0,1,0,0,0,5.0,63,13,4.846153846153846
0,3,1,0,2,1,5,1,1,0,0,0,0,0,4,0,7,0,4.0,137,26,5.269230769230769
0,3,1,0,1,0,5,1,1,1,0,0,0,0,1,0,0,0,5.0,1327,270,4.9148148148148145
0,12,1,0,2,0,4,1,1,1,2,2,2,0,2,0,3,0,4.0,307,56,5.482142857142857
1,9,2,0,1,4,5,1,1,0,2,2,2,0,2,0,2,0,3.0,414,74,5.594594594594595
1,36,53,0,1,0,6,1,0,1,2,2,2,0,1,400,3,0,9.0,992,178,5.573033707865169
0,2,3,0,0,0,0,0,0,0,0,0,0,0,1,0,1,0,2.0,22,3,7.333333333333333
1,1,2,3,1,0,1,0,1,1,0,2,0,0,1,0,0,0,1.0,14,3,4.666666666666667
0,3,3,0,1,0,1,3,1,0,0,0,0,0,1,0,0,0,3.0,110,16,6.875
1,3,2,0,1,1,2,0,1,0,0,0,0,0,1,0,0,0,4.0,188,36,5.222222222222222
1,1,2,3,1,0,1,5,0,0,0,0,0,0,1,0,0,0,3.0,108,24,4.5
0,9,26,0,1,0,5,1,1,1,2,2,0,0,1,0,9,0,4.0,418,80,5.225
1,5,2,3,2,0,1,1,1,0,0,0,1,0,2,0,0,0,2.0,193,35,5.514285714285714
0,4,3,0,0,0,1,4,1,0,0,0,0,0,1,0,0,0,4.0,84,15,5.6
1,1,2,0,1,0,6,2,1,1,0,2,0,0,1,50,0,0,10.0,1402,246,5.699186991869919
0,5,3,0,1,0,1,3,1,0,0,0,0,0,1,0,1,0,1.0,23,4,5.75
0,10,3,0,1,0,0,0,1,1,0,0,1,0,2,0,1,0,2.0,18,4,4.5
1,1,2,0,1,0,1,2,1,1,0,0,0,0,1,0,1,0,14.0,145,26,5.576923076923077
0,48,120,0,1,1,3,1,2,2,2,1,1,0,1,300,0,0,2.0,250,51,4.901960784313726
0,24,116,0,1,2,3,0,0,0,2,2,2,0,2,300,1,0,1.0,3493,647,5.398763523956723
0,18,1,0,0,5,2,0,1,1,0,0,0,0,1,100,8,0,3.0,259,57,4.543859649122807
1,1,2,0,1,0,1,0,1,0,1,1,0,0,1,0,0,0,2.0,127,22,5.7727272727272725
1,2,2,3,0,0,1,0,1,0,0,2,0,0,2,0,0,0,2.0,45,7,6.428571428571429
1,12,8,38,0,0,2,0,2,1,2,2,0,0,1,500,0,0,1.0,42,8,5.25
1,3,2,3,0,0,1,0,1,1,2,2,0,0,1,0,0,0,2.0,12,2,6.0
1,3,2,0,1,0,1,0,1,0,0,2,0,0,1,0,1,0,7.0,34,5,6.8
0,5,1,0,0,6,0,0,1,0,2,2,0,1,1,0,0,0,9.0,56,10,5.6
0,4,3,9,0,0,0,0,1,1,2,2,0,0,1,0,6,0,1.0,187,31,6.032258064516129
1,12,156,11,0,1,0,0,1,1,2,2,2,0,1,0,0,0,10.0,382,77,4.961038961038961
1,6,2,0,1,1,0,0,1,2,2,2,2,0,1,0,0,0,4.0,416,74,5.621621621621622
0,2,3,0,0,0,0,0,1,1,0,2,1,0,1,0,0,0,5.0,179,37,4.837837837837838
0,36,3,0,1,0,1,3,1,1,2,2,2,0,1,0,0,0,5.0,336,61,5.508196721311475
0,2,1,0,0,6,2,0,0,0,2,2,0,0,1,0,0,0,5.0,181,39,4.641025641025641
1,2,2,0,0,0,2,0,1,1,0,0,0,0,1,0,0,0,1.0,126,21,6.0
1,30,2,0,0,0,1,1,1,0,1,1,1,2,1,0,0,0,6.0,745,151,4.933774834437086
1,1,2,0,2,0,0,0,0,1,0,0,0,0,2,0,0,0,1.0,270,53,5.09433962264151
0,2,26,6,1,1,5,1,1,1,2,2,0,0,1,50,0,0,2.0,893,172,5.191860465116279
1,36,2,0,0,2,3,0,0,1,1,1,1,1,1,0,0,0,3.0,581,109,5.330275229357798
0,2,3,0,2,4,3,0,0,0,0,0,0,0,2,0,0,0,4.0,161,28,5.75
1,3,14,3,1,0,2,0,1,0,2,2,2,0,1,0,2,0,3.0,797,151,5.2781456953642385
1,3,2,0,1,1,2,0,1,0,2,2,0,0,1,50,0,0,4.0,124,22,5.636363636363637
1,3,62,3,1,0,1,0,1,1,0,0,0,0,1,0,1,0,2.0,116,26,4.461538461538462
1,2,20,3,1,0,1,2,1,1,2,2,0,0,4,0,1,0,15.0,110,22,5.0
0,17,1,0,1,5,2,0,1,1,2,2,0,0,2,0,0,0,4.0,402,81,4.962962962962963
1,36,53,12,1,1,0,0,0,0,2,2,1,0,1,250,0,0,6.0,2224,411,5.411192214111922
1,62,28,0,0,0,1,1,0,0,2,2,2,0,1,0,0,0,7.0,218,33,6.606060606060606
1,48,34,28,0,2,2,0,0,2,2,2,2,1,1,0,1,0,6.0,899,129,6.9689922480620154
1,3,2,0,0,0,1,5,1,0,2,2,0,0,1,0,1,0,2.0,539,104,5.1826923076923075
0,1,3,0,2,0,3,1,1,0,0,2,0,0,5,50,0,0,5.0,285,49,5.816326530612245
1,2,2,0,0,0,1,0,1,1,0,2,0,0,1,5,0,0,2.0,215,40,5.375
1,2,2,3,0,1,2,0,1,1,2,2,0,0,1,0,0,0,1.0,12,2,6.0
1,3,2,0,1,0,1,0,2,0,1,1,0,0,1,0,0,0,2.0,119,21,5.666666666666667
1,24,2,0,0,0,1,4,1,1,2,2,2,0,1,0,2,0,3.0,314,63,4.984126984126984
1,12,2,0,0,4,4,0,1,1,0,0,0,0,1,0,1,0,10.0,477,97,4.917525773195877
1,3,2,0,1,0,1,5,2,0,1,1,1,0,2,0,3,0,1.0,97,18,5.388888888888889
1,2,2,0,1,0,0,0,1,1,2,2,0,0,1,0,0,1,3.0,293,54,5.425925925925926
0,6,3,0,1,0,1,0,1,0,2,2,2,0,1,100,1,0,1.0,64,7,9.142857142857142
0,6,4,0,0,0,2,0,1,2,0,0,0,0,1,0,1,0,1.0,79,17,4.647058823529412
1,3,2,0,0,2,2,0,1,0,0,2,0,0,1,0,1,0,2.0,291,47,6.191489361702128
1,2,2,0,2,0,0,0,2,0,1,1,1,0,7,0,1,0,3.0,248,49,5.061224489795919
1,2,2,0,0,4,2,0,1,0,2,2,0,0,1,0,0,0,1.0,105,21,5.0
0,7,1,0,1,0,1,4,1,1,0,2,0,0,1,0,1,0,4.0,166,29,5.724137931034483
1,3,2,0,1,0,1,0,1,0,0,2,1,0,1,0,0,0,5.0,365,67,5.447761194029851
0,1,3,0,2,0,1,1,0,0,0,0,0,0,5,0,0,0,1.0,529,97,5.453608247422681
1,1,2,3,1,0,1,2,0,0,0,2,1,0,2,0,0,0,2.0,254,42,6.0476190476190474
0,2,3,0,1,0,0,0,1,0,0,0,0,0,1,0,1,0,4.0,188,40,4.7
1,1,2,0,0,0,1,0,1,2,0,0,0,0,1,0,3,0,3.0,162,29,5.586206896551724
1,1,2,3,1,2,2,0,1,1,0,0,0,0,1,0,1,0,2.0,160,31,5.161290322580645
1,24,2,3,1,6,2,0,2,1,1,1,1,1,1,0,1,0,1.0,127,26,4.884615384615385
0,2,3,0,0,0,0,0,1,1,0,2,0,0,1,0,1,1,5.0,957,182,5.258241758241758
1,1,2,0,0,1,5,0,1,1,0,0,0,0,1,1,0,0,2.0,120,20,6.0
0,24,92,0,1,1,5,2,1,1,1,1,1,0,2,0,0,0,3.0,453,91,4.978021978021978
0,36,85,0,1,0,3,1,2,2,2,2,0,1,1,0,0,0,1.0,283,43,6.5813953488372094
1,1,2,0,0,1,0,0,1,1,0,0,0,0,1,0,3,0,2.0,103,15,6.866666666666666
0,3,3,0,1,6,3,1,0,0,0,0,0,0,3,0,3,0,3.0,448,86,5.209302325581396
0,2,31,6,2,0,1,5,0,0,0,2,0,0,4,0,0,0,4.0,24,4,6.0
1,1,5,3,1,1,0,0,1,0,0,2,0,0,1,0,0,0,7.0,353,63,5.603174603174603
0,9,7,1,0,0,0,0,2,2,0,0,0,0,1,150,1,0,4.0,244,43,5.674418604651163
1,2,2,50,1,0,1,1,1,0,0,2,0,0,1,0,0,0,1.0,285,48,5.9375
1,1,101,0,1,1,2,0,1,0,0,0,0,0,1,0,1,0,4.0,695,149,4.6644295302013425
1,2,39,3,0,0,1,0,2,0,2,2,0,0,1,0,0,0,3.0,109,21,5.190476190476191
0,3,1,0,2,0,5,1,1,1,0,0,0,0,2,0,0,0,6.0,192,36,5.333333333333333
1,1,2,0,1,1,2,0,1,0,0,0,0,0,3,0,0,0,3.0,215,37,5.8108108108108105
1,96,79,0,1,1,0,0,0,0,2,2,1,0,1,0,3,0,2.0,346,69,5.0144927536231885
0,3,3,9,2,0,1,1,0,0,0,0,0,0,5,0,0,0,2.0,51,10,5.1
1,42,160,3,2,0,0,0,1,1,2,2,2,0,2,0,0,0,4.0,683,138,4.949275362318841
1,0,2,0,2,0,1,0,1,1,0,1,0,0,5,0,5,0,1.0,130,25,5.2
0,1,3,9,0,0,0,0,1,0,0,0,0,0,1,50,9,0,1.0,16,4,4.0
0,3,3,0,0,0,2,0,0,0,0,2,0,0,1,0,1,0,3.0,720,143,5.034965034965035
1,2,15,3,2,0,1,1,1,0,0,0,0,0,3,0,1,0,3.0,424,71,5.971830985915493
1,3,5,0,0,0,2,0,2,2,2,2,0,0,1,0,1,0,1.0,39,7,5.571428571428571
0,2,12,48,1,0,0,0,0,1,0,0,0,0,1,0,1,0,0.0,111,22,5.045454545454546
0,2,3,0,0,1,3,1,1,1,0,0,0,0,2,0,1,0,5.0,600,115,5.217391304347826
0,12,3,6,0,0,0,0,1,1,2,2,0,0,1,0,0,0,2.0,257,45,5.711111111111111
1,4,11,3,1,1,0,0,0,0,2,2,0,0,1,300,0,0,5.0,357,60,5.95
0,3,3,0,1,1,5,0,1,0,0,2,0,0,1,0,0,0,4.0,471,84,5.607142857142857
1,2,2,0,2,0,1,0,1,0,0,0,0,0,2,0,2,0,2.0,315,62,5.080645161290323
1,2,2,3,1,0,5,0,2,0,0,2,0,0,1,50,9,0,3.0,475,85,5.588235294117647
1,2,2,0,1,0,1,0,1,0,0,0,0,0,1,0,0,0,4.0,180,34,5.294117647058823
0,4,3,0,0,4,5,0,0,0,1,1,1,0,1,0,1,0,5.0,31,5,6.2
1,4,2,3,0,1,0,0,1,0,0,0,0,0,1,0,1,0,3.0,86,14,6.142857142857143
1,2,2,0,1,1,2,0,1,0,1,1,1,0,1,0,0,0,1.0,296,62,4.774193548387097
1,24,2,0,0,0,1,0,1,1,1,1,1,0,1,0,1,0,3.0,577,101,5.712871287128713
1,9,2,0,0,0,2,0,1,1,1,1,2,0,1,0,0,0,5.0,399,78,5.115384615384615
0,2,3,0,1,2,0,0,0,0,2,2,0,0,1,0,0,0,3.0,616,102,6.03921568627451
1,14,2,39,1,0,1,0,1,1,1,1,2,0,1,200,1,0,5.0,615,99,6.212121212121212
1,5,2,0,2,0,1,2,1,0,0,0,0,0,2,0,3,0,0.0,229,47,4.872340425531915
0,6,1,6,1,0,0,0,1,1,0,0,0,0,1,89,0,0,2.0,630,94,6.702127659574468
0,8,3,0,1,0,6,1,1,0,0,0,0,0,1,10,4,0,4.0,377,61,6.180327868852459
1,2,2,3,0,0,1,1,1,0,0,0,0,0,8,0,0,0,7.0,50,7,7.142857142857143
1,72,33,0,0,1,6,0,1,2,1,1,0,0,1,0,1,0,6.0,625,121,5.1652892561983474
1,3,2,86,1,2,2,0,1,0,2,2,0,0,1,0,0,0,1.0,224,42,5.333333333333333
0,10,3,0,0,5,2,0,1,0,2,2,2,1,1,0,0,0,2.0,424,78,5.435897435897436
0,12,3,0,0,0,0,0,2,0,2,2,2,0,1,0,1,0,2.0,339,59,5.745762711864407
1,6,2,3,2,0,0,0,1,1,2,1,1,0,2,0,0,0,1.0,75,13,5.769230769230769
0,4,3,0,1,1,3,1,1,0,0,0,0,0,1,0,0,0,3.0,620,122,5.081967213114754
1,36,33,0,1,1,2,0,0,1,2,2,2,0,1,0,0,0,1.0,585,110,5.318181818181818
0,12,3,10,2,0,1,0,1,2,0,0,0,0,4,0,1,0,2.0,203,41,4.951219512195122
0,12,3,0,1,0,5,1,1,0,0,0,0,0,1,0,1,0,1.0,241,49,4.918367346938775
0,28,3,0,0,4,2,0,1,0,0,0,0,0,1,0,1,0,5.0,148,26,5.6923076923076925
1,2,2,0,2,0,1,0,1,0,2,2,0,0,2,0,0,0,1.0,419,62,6.758064516129032
1,5,2,0,1,1,2,0,1,0,2,2,2,0,1,0,0,0,2.0,1088,192,5.666666666666667
0,2,30,0,2,0,0,0,0,0,1,1,1,0,5,0,1,0,4.0,6,1,6.0
0,2,3,0,1,1,4,1,1,0,0,0,0,0,1,0,0,0,4.0,74,10,7.4
0,2,47,26,2,0,5,3,1,0,0,2,0,0,2,50,1,0,4.0,126,24,5.25
1,2,2,3,2,1,2,0,1,0,0,0,0,0,2,0,1,0,1.0,39,8,4.875
0,1,3,16,0,0,3,1,1,0,0,2,0,0,1,0,0,0,3.0,483,77,6.2727272727272725
0,2,3,0,0,1,0,0,0,0,0,0,0,0,1,0,0,0,5.0,511,106,4.820754716981132
0,3,10,0,1,1,0,0,1,1,2,2,0,1,1,20,0,0,2.0,20,3,6.666666666666667
1,24,2,0,1,0,4,3,1,0,2,2,2,0,1,0,0,0,11.0,294,59,4.983050847457627
1,60,34,0,0,1,2,0,1,1,2,0,0,0,1,0,0,0,2.0,188,32,5.875
0,1,3,0,2,3,0,0,0,0,0,0,0,0,2,0,5,0,3.0,98,17,5.764705882352941
1,12,2,0,1,0,0,0,0,0,0,0,0,0,1,0,1,0,5.0,525,91,5.769230769230769
1,3,2,3,1,1,0,0,1,0,2,2,0,0,1,0,3,0,4.0,232,41,5.658536585365853
1,2,2,0,0,0,1,0,2,0,1,1,0,0,1,0,0,0,3.0,91,15,6.066666666666666
1,9,34,0,0,1,2,0,0,1,2,2,0,0,1,0,0,0,3.0,271,46,5.891304347826087
0,2,56,0,1,0,3,1,1,1,0,0,0,0,1,0,0,0,10.0,889,172,5.1686046511627906
0,2,3,0,2,0,3,1,1,0,0,2,0,0,2,9,0,0,6.0,1034,187,5.529411764705882
1,3,2,0,0,0,0,0,1,2,0,2,0,0,1,0,0,0,3.0,314,58,5.413793103448276
1,2,5,3,1,0,1,1,1,0,0,0,0,0,3,0,0,0,14.0,685,127,5.393700787401575
1,10,2,0,0,0,2,0,1,0,2,0,1,0,1,0,0,0,3.0,271,53,5.113207547169812
1,24,44,51,1,0,1,0,0,1,1,1,1,0,1,0,0,0,5.0,12,2,6.0
1,96,14,0,2,4,4,0,2,0,2,2,2,0,2,0,0,0,7.0,468,87,5.379310344827586
1,1,2,0,2,0,1,1,2,0,0,0,0,0,8,0,0,0,4.0,2146,399,5.37844611528822
1,29,20,0,0,1,6,2,2,2,1,1,0,0,1,400,0,0,3.0,374,66,5.666666666666667
1,2,2,0,1,2,2,0,1,0,0,2,0,0,1,0,3,0,1.0,225,41,5.487804878048781
1,2,2,0,0,0,2,0,1,0,0,0,0,2,2,0,1,0,2.0,225,42,5.357142857142857
0,2,31,9,1,0,0,0,0,0,0,2,0,0,1,0,1,0,1.0,228,44,5.181818181818182
0,3,3,9,0,6,3,1,1,0,0,2,0,0,1,30,0,0,1.0,157,27,5.814814814814815
1,12,13,3,1,1,6,0,0,1,1,1,1,0,1,0,0,0,5.0,214,46,4.6521739130434785
0,1,7,9,1,0,1,1,0,1,0,2,0,0,1,0,1,0,2.0,860,167,5.149700598802395
1,6,2,3,0,0,5,1,2,0,2,2,0,0,1,100,9,0,4.0,182,34,5.352941176470588
1,2,2,0,0,0,1,0,0,1,0,0,0,0,2,0,0,0,5.0,598,116,5.155172413793103
1,10,2,0,0,0,2,0,1,0,2,2,2,0,1,0,1,0,6.0,29,6,4.833333333333333
0,12,7,0,1,3,2,0,1,2,0,0,0,0,1,200,5,0,3.0,181,34,5.323529411764706
1,2,2,0,1,1,2,0,1,1,2,2,0,0,1,80,3,0,1.0,255,42,6.071428571428571
1,1,2,0,2,0,1,1,2,1,0,2,0,0,12,0,0,0,5.0,3100,561,5.52584670231729
0,4,0,6,0,0,5,1,0,1,2,2,0,0,1,0,1,0,1.0,254,53,4.7924528301886795
1,1,2,3,0,2,2,0,1,0,2,2,2,0,1,200,1,0,7.0,365,67,5.447761194029851
0,2,3,23,2,0,5,1,0,0,0,0,0,1,4,100,5,0,6.0,285,56,5.089285714285714
1,108,5,0,1,1,4,0,0,1,2,2,2,0,1,200,1,0,1.0,310,58,5.344827586206897
1,1,2,0,1,0,6,0,1,1,2,2,0,0,1,0,0,0,7.0,430,75,5.733333333333333
0,4,3,0,0,0,2,0,1,0,0,0,0,0,1,0,0,0,1.0,80,16,5.0
0,4,3,0,0,4,2,0,0,0,0,0,0,0,1,0,0,0,3.0,466,79,5.89873417721519
0,12,3,0,0,1,4,0,1,0,2,2,2,0,1,0,0,0,2.0,437,69,6.333333333333333
0,6,3,26,1,3,2,0,1,0,1,1,1,0,1,0,5,0,4.0,336,64,5.25
1,5,2,0,0,0,0,0,1,0,2,2,0,0,1,0,0,0,1.0,291,54,5.388888888888889
1,1,2,0,1,1,2,0,2,0,0,2,0,1,1,0,1,0,3.0,481,96,5.010416666666667
1,36,2,0,0,0,1,0,1,1,2,2,0,0,1,0,1,0,1.0,507,93,5.451612903225806
1,2,2,0,0,4,2,0,1,1,2,2,0,0,1,0,0,0,1.0,295,56,5.267857142857143
1,2,2,0,1,5,2,0,1,1,0,0,0,0,1,0,9,0,5.0,250,39,6.410256410256411
0,3,3,0,0,0,0,0,1,0,2,2,0,0,1,15,0,0,1.0,123,21,5.857142857142857
1,3,2,3,1,0,1,0,1,1,2,2,0,0,1,0,0,0,2.0,12,2,6.0
0,3,30,0,1,1,0,0,1,0,1,1,1,0,1,0,0,0,2.0,49,9,5.444444444444445
1,60,34,0,1,1,2,0,0,1,2,2,2,0,1,200,0,2,7.0,278,56,4.964285714285714
0,1,3,0,0,1,0,0,0,0,0,0,0,0,1,0,0,0,4.0,161,24,6.708333333333333
1,2,2,0,2,0,1,0,2,0,0,0,0,0,6,0,0,0,5.0,628,118,5.322033898305085
1,6,2,0,1,0,2,0,1,0,2,0,0,0,2,50,0,0,3.0,461,84,5.488095238095238
0,4,3,0,2,6,3,1,1,1,2,2,0,0,2,0,0,0,4.0,198,38,5.2105263157894735
1,8,2,0,0,0,0,0,1,0,2,2,1,0,1,0,0,0,2.0,114,17,6.705882352941177
0,2,7,1,1,6,2,0,1,2,2,2,0,0,1,750,0,0,3.0,75,15,5.0
0,3,3,0,1,0,1,5,1,0,0,2,0,0,1,0,1,0,4.0,819,143,5.7272727272727275
0,6,10,0,0,3,2,0,1,0,2,2,0,0,1,0,0,0,2.0,133,27,4.925925925925926
0,3,1,9,1,0,6,1,1,0,0,0,0,0,1,0,0,0,2.0,372,69,5.391304347826087
1,2,2,0,0,0,1,2,1,0,0,0,0,0,1,0,0,0,2.0,517,102,5.068627450980392
1,24,5,3,1,0,1,1,1,0,2,2,2,0,1,0,0,0,7.0,330,65,5.076923076923077
0,6,1,0,1,4,2,0,1,1,2,2,0,0,1,0,0,0,1.0,281,48,5.854166666666667
1,3,2,0,1,0,1,1,1,0,0,0,0,0,1,0,0,0,4.0,31,6,5.166666666666667
0,1,3,0,0,6,0,0,1,0,0,0,0,0,1,0,0,0,7.0,595,96,6.197916666666667
0,2,3,0,0,0,1,0,0,0,0,0,0,0,1,0,1,0,1.0,259,53,4.886792452830188
1,60,72,0,0,1,4,0,0,2,2,2,0,0,1,0,0,0,3.0,230,50,4.6
1,2,5,3,2,0,1,4,1,1,1,1,1,0,3,0,3,0,1.0,45,9,5.0
1,1,2,0,1,0,1,0,1,1,0,0,0,0,1,0,3,0,1.0,302,56,5.392857142857143
0,2,3,0,0,0,0,0,1,0,0,2,0,0,1,0,1,0,8.0,665,132,5.037878787878788
1,3,5,3,0,1,0,0,1,0,0,0,0,0,1,0,0,0,2.0,276,50,5.52
1,24,2,0,0,1,2,0,2,0,2,2,2,0,1,200,0,0,3.0,48,9,5.333333333333333
1,1,2,3,1,1,0,0,1,1,0,2,0,0,1,0,0,0,1.0,14,3,4.666666666666667
0,1,3,0,2,6,3,0,0,0,0,2,0,0,3,0,1,0,0.0,114,21,5.428571428571429
1,2,2,3,0,1,0,0,1,1,0,2,0,0,1,0,0,0,2.0,14,3,4.666666666666667
0,1,3,0,0,4,0,0,0,0,0,2,0,0,1,0,0,0,4.0,389,80,4.8625
1,20,2,0,0,0,2,0,1,0,2,2,0,0,1,0,9,0,5.0,1256,259,4.8494208494208495
0,6,61,0,0,0,2,0,1,1,0,0,0,0,1,50,0,0,2.0,147,24,6.125
0,2,3,0,0,4,5,1,1,0,2,2,0,0,1,0,0,0,11.0,1174,244,4.811475409836065
0,3,3,6,1,1,5,1,0,0,0,0,0,0,1,0,1,0,1.0,233,44,5.295454545454546
1,3,2,0,1,1,2,0,1,0,1,1,0,0,1,0,3,0,2.0,213,37,5.756756756756757
0,8,4,16,0,0,0,0,1,2,2,2,2,0,1,0,0,0,4.0,1995,369,5.40650406504065
0,2,26,0,2,6,0,0,1,1,0,0,0,0,4,0,0,1,10.0,97,17,5.705882352941177
1,1,2,0,2,0,1,0,1,1,0,0,0,0,6,0,0,0,1.0,115,22,5.2272727272727275
0,2,1,0,2,4,0,0,0,1,0,0,0,0,7,0,2,0,5.0,199,39,5.102564102564102
0,1,1,0,0,2,0,0,1,1,0,0,1,0,1,0,0,2,3.0,227,38,5.973684210526316
0,1,3,0,0,0,3,0,1,0,0,0,0,0,1,0,0,1,7.0,173,33,5.242424242424242
1,36,101,38,0,0,1,0,3,0,2,2,0,0,1,0,0,0,2.0,699,136,5.139705882352941
0,12,3,0,1,3,2,0,0,0,1,2,0,0,1,0,1,0,5.0,111,21,5.285714285714286
0,11,31,0,0,0,0,0,1,0,2,2,2,0,1,0,0,0,7.0,425,77,5.51948051948052
1,0,2,3,2,1,0,0,0,1,0,0,0,0,5,5,0,0,0.0,18,3,6.0
1,9,37,0,0,4,2,0,1,0,2,2,0,0,1,0,1,0,3.0,207,40,5.175
1,1,2,0,2,0,1,0,1,0,2,2,0,0,5,0,0,0,5.0,74,14,5.285714285714286
1,1,2,0,0,2,2,0,0,1,0,0,0,0,1,0,0,0,3.0,308,59,5.220338983050848
0,24,4,0,0,5,2,0,1,1,1,1,0,0,1,0,0,0,3.0,380,71,5.352112676056338
0,1,4,0,1,0,3,0,0,2,0,0,0,0,1,0,8,0,2.0,461,84,5.488095238095238
1,36,34,0,0,1,2,0,0,0,2,2,2,0,1,0,1,0,3.0,340,62,5.483870967741935
1,2,2,0,1,0,1,0,1,0,0,0,0,0,1,20,3,0,1.0,201,32,6.28125
0,6,93,9,2,1,6,1,1,0,0,0,1,0,4,14,0,0,5.0,341,67,5.08955223880597
1,36,98,0,1,1,2,0,0,1,2,2,2,0,1,0,1,0,10.0,189,32,5.90625
0,72,3,0,0,0,0,0,1,0,2,2,2,0,1,0,0,0,10.0,1671,329,5.079027355623101
0,1,3,0,0,6,4,0,0,0,0,2,0,0,1,0,0,0,2.0,729,140,5.207142857142857
1,5,11,3,0,1,0,0,1,0,2,2,2,0,1,0,1,0,6.0,281,49,5.73469387755102
0,36,0,0,1,1,2,0,1,0,2,2,2,0,1,0,1,0,6.0,807,151,5.344370860927152
1,2,5,3,0,0,0,0,1,0,0,0,0,0,1,0,0,0,1.0,323,60,5.383333333333334
1,84,48,0,0,1,4,0,0,0,2,2,0,0,1,0,0,0,1.0,391,81,4.827160493827161
1,12,34,0,0,1,2,0,0,1,2,2,0,0,1,300,0,0,5.0,546,115,4.747826086956522
1,1,2,3,1,0,1,0,1,1,0,0,0,0,1,0,0,0,1.0,12,2,6.0
1,5,20,112,0,4,0,0,0,2,2,2,2,0,1,0,0,0,1.0,52,10,5.2
0,17,4,0,1,5,2,0,1,2,2,2,2,0,1,380,0,0,2.0,280,53,5.283018867924528
1,2,2,0,1,0,0,0,1,0,1,1,1,0,1,0,0,0,1.0,254,42,6.0476190476190474
0,2,3,0,1,0,3,0,0,0,0,2,0,1,1,0,0,0,5.0,1210,223,5.426008968609866
0,4,1,0,0,0,2,0,1,1,2,2,0,0,1,0,1,0,4.0,830,152,5.4605263157894735
1,2,2,0,1,1,2,0,1,1,0,2,0,0,1,0,3,0,1.0,22,3,7.333333333333333
0,4,3,0,0,3,2,0,0,0,2,2,0,0,1,0,0,0,5.0,329,66,4.984848484848484
1,12,2,0,1,1,2,0,1,0,0,0,2,0,1,0,6,0,4.0,371,74,5.013513513513513
1,6,2,0,1,0,1,1,0,0,2,2,0,0,1,0,0,0,2.0,71,15,4.733333333333333
0,3,1,6,1,0,3,1,0,1,0,2,2,0,3,0,5,0,9.0,347,12,28.916666666666668
0,2,3,0,1,0,4,1,1,0,0,0,0,0,2,0,1,0,9.0,762,143,5.328671328671328
1,6,2,0,1,1,2,0,0,0,2,2,0,0,1,0,0,0,2.0,71,15,4.733333333333333
0,12,1,0,1,0,1,1,1,1,1,1,1,1,1,0,0,0,1.0,196,39,5.0256410256410255
0,3,1,0,0,5,2,0,0,1,0,2,0,0,1,0,0,6,28.0,1021,207,4.932367149758454
0,0,3,26,0,0,3,1,1,0,0,0,0,0,1,0,1,0,10.0,2013,385,5.228571428571429
1,2,2,51,1,0,1,0,1,0,2,2,0,0,1,0,3,0,6.0,236,39,6.051282051282051
0,2,30,0,0,1,4,3,0,0,0,0,0,0,1,0,1,0,4.0,334,64,5.21875
1,60,34,0,0,1,2,0,0,2,1,1,0,0,1,0,1,0,2.0,483,92,5.25
0,3,3,0,2,1,4,1,1,0,0,0,0,0,3,0,3,0,4.0,356,55,6.472727272727273
0,8,10,9,0,0,0,0,1,1,2,2,2,0,1,0,1,0,4.0,1466,297,4.936026936026936
0,6,3,0,1,0,1,1,1,0,0,2,0,0,1,0,1,0,10.0,545,99,5.505050505050505
0,20,1,0,0,3,0,0,1,1,2,2,2,0,1,0,0,0,4.0,32,6,5.333333333333333
0,12,3,0,1,3,2,0,2,0,2,0,0,0,1,0,4,0,1.0,84,12,7.0
0,1,0,0,0,0,0,0,0,1,0,2,0,0,1,0,0,0,9.0,618,121,5.107438016528926
0,3,4,0,1,6,0,0,2,2,0,2,1,0,1,0,0,0,1.0,449,69,6.507246376811594
1,48,34,28,1,2,2,0,0,0,1,1,1,0,1,200,0,0,1.0,490,89,5.50561797752809
1,1,2,0,1,0,2,0,2,0,0,2,0,0,1,0,1,0,3.0,381,81,4.703703703703703
0,17,3,0,1,0,1,5,1,0,2,2,0,0,1,0,0,0,5.0,480,89,5.393258426966292
1,1,2,0,0,0,6,0,1,1,0,0,0,0,2,0,0,0,6.0,502,97,5.175257731958763
0,2,1,0,1,0,0,0,1,1,0,0,0,0,1,0,0,0,5.0,100,19,5.2631578947368425
0,17,3,0,0,6,2,0,1,0,2,2,0,0,1,0,1,0,5.0,891,174,5.120689655172414
1,72,28,0,1,1,5,1,1,0,1,1,1,0,1,0,1,0,1.0,444,89,4.98876404494382
1,2,2,0,1,0,1,0,1,0,0,0,0,0,1,0,1,0,7.0,391,72,5.430555555555555
0,7,3,47,1,6,2,0,1,0,2,2,2,0,1,0,1,0,9.0,1884,369,5.105691056910569
0,2,1,0,1,1,2,0,0,1,0,0,0,0,1,0,0,0,3.0,209,36,5.805555555555555
1,2,2,0,0,0,1,2,0,0,0,2,0,0,1,0,0,0,4.0,1272,249,5.108433734939759
1,48,23,3,1,0,1,0,2,0,2,2,2,0,1,0,0,0,2.0,1223,229,5.3406113537117905
1,2,2,0,2,0,0,0,1,1,2,2,0,0,5,0,0,1,8.0,769,132,5.825757575757576
0,2,3,0,0,0,1,0,0,0,0,0,0,0,1,0,0,0,4.0,191,36,5.305555555555555
1,12,98,0,1,1,6,0,0,1,2,2,2,0,1,0,1,0,4.0,488,95,5.136842105263158
0,3,0,6,1,0,1,3,0,1,0,2,0,0,1,0,1,0,1.0,902,183,4.9289617486338795
1,144,74,0,0,2,2,0,1,1,1,1,0,0,1,0,0,0,1.0,491,98,5.010204081632653
0,2,3,0,1,0,2,0,1,1,0,2,0,0,1,0,1,0,25.0,89,16,5.5625
1,1,2,0,2,1,4,1,0,0,0,0,0,0,5,1,5,0,5.0,66,12,5.5
1,1,2,0,0,0,6,1,1,0,2,2,0,0,1,0,0,0,6.0,1650,269,6.133828996282528
1,4,2,0,1,1,2,0,1,1,0,0,0,0,1,0,0,0,4.0,192,37,5.1891891891891895
1,1,2,0,0,0,1,0,1,0,0,2,0,0,4,0,0,0,4.0,334,64,5.21875
0,1,7,0,1,3,0,0,2,2,0,0,0,0,2,0,1,0,7.0,824,151,5.456953642384106
1,2,2,0,0,0,1,1,1,0,0,2,0,1,1,0,5,0,2.0,712,138,5.159420289855072
1,12,19,0,0,2,3,1,1,1,2,2,1,0,1,500,0,0,1.0,60,10,6.0
1,12,2,0,1,0,2,0,1,0,2,2,2,0,1,250,1,0,2.0,129,24,5.375
1,4,2,0,1,1,0,0,1,1,2,2,0,0,1,0,0,0,2.0,94,19,4.947368421052632
1,1,2,3,0,0,2,0,1,1,0,2,0,0,1,0,0,0,3.0,12,2,6.0
0,1,3,0,0,1,2,0,1,0,0,0,0,0,1,100,1,0,6.0,205,39,5.256410256410256
1,2,156,3,1,0,1,2,1,1,2,2,1,0,2,0,3,0,1.0,502,94,5.340425531914893
1,4,2,0,1,0,1,1,1,1,0,0,0,0,1,0,0,0,4.0,238,46,5.173913043478261
1,48,2,0,0,0,1,0,1,1,2,2,2,0,1,0,5,0,3.0,474,83,5.710843373493976
1,36,2,0,0,1,2,0,1,1,0,0,0,1,1,1,0,0,2.0,332,64,5.1875
0,1,10,0,1,1,4,3,1,0,0,0,0,0,4,0,1,0,2.0,248,46,5.391304347826087
1,1,2,0,0,0,1,0,1,0,0,0,0,0,1,0,0,0,6.0,397,72,5.513888888888889
1,2,14,3,1,1,5,2,1,1,0,2,0,0,1,0,0,0,8.0,419,63,6.650793650793651
1,2,2,3,1,1,2,0,1,1,2,2,0,0,1,0,0,0,1.0,12,2,6.0
1,2,2,0,1,0,1,5,1,0,0,2,0,0,5,0,0,0,1.0,84,13,6.461538461538462
0,2,1,9,1,3,0,0,1,1,2,2,0,0,1,0,0,0,2.0,93,18,5.166666666666667
1,60,20,0,0,4,2,0,2,1,2,2,2,0,1,0,0,0,6.0,447,91,4.912087912087912
1,10,2,3,0,0,1,0,2,0,2,2,2,0,1,0,0,0,4.0,145,4,36.25
1,2,2,0,1,0,1,1,1,0,0,0,1,0,2,0,0,0,5.0,231,42,5.5
1,36,2,0,1,1,2,0,1,0,2,2,2,0,1,0,0,0,1.0,187,36,5.194444444444445
1,24,2,3,2,2,0,0,0,1,0,0,0,0,4,0,1,0,0.0,85,15,5.666666666666667
1,96,9,0,1,2,2,0,1,1,2,2,2,0,1,0,1,0,4.0,128,22,5.818181818181818
1,2,2,0,0,2,0,0,1,0,0,0,0,0,1,5,3,0,4.0,125,13,9.615384615384615
1,18,34,0,1,1,2,0,0,1,0,2,2,0,1,0,5,0,5.0,350,62,5.645161290322581
0,2,1,1,2,1,2,0,1,1,0,2,0,0,2,0,1,0,5.0,126,23,5.478260869565218
1,2,2,0,2,0,0,0,1,1,0,0,0,0,11,0,0,0,8.0,361,78,4.628205128205129
1,2,2,0,1,1,6,1,1,1,0,0,0,0,1,0,0,0,2.0,175,34,5.147058823529412
1,2,34,7,1,1,0,0,1,1,0,0,0,0,1,0,0,0,4.0,383,81,4.728395061728395
1,48,66,0,0,4,2,0,0,1,2,2,0,0,1,0,1,0,1.0,98,18,5.444444444444445
1,3,2,0,1,2,2,0,1,0,2,2,2,0,1,0,0,0,4.0,153,28,5.464285714285714
0,4,3,0,0,4,2,0,1,0,2,2,2,0,1,100,0,0,2.0,194,28,6.928571428571429
0,7,3,0,1,6,4,1,1,0,0,0,0,0,1,50,0,0,2.0,139,28,4.964285714285714
1,36,2,0,1,3,2,0,1,0,2,2,2,0,1,50,0,0,5.0,1148,220,5.218181818181818
1,2,34,21,1,1,2,0,0,0,0,0,0,0,1,500,0,0,2.0,308,49,6.285714285714286
0,2,3,0,2,0,6,1,1,0,0,2,0,0,3,50,1,0,12.0,560,107,5.233644859813084
1,0,2,3,2,0,1,2,0,1,0,0,1,0,7,0,0,0,8.0,318,53,6.0
0,4,3,0,1,0,2,0,1,0,0,0,0,0,1,0,0,0,4.0,356,64,5.5625
0,1,3,0,2,6,3,1,0,0,0,0,0,0,3,0,5,0,10.0,101,15,6.733333333333333
0,4,3,0,0,6,0,0,0,0,0,2,2,0,1,0,1,0,5.0,106,17,6.235294117647059
0,2,4,0,0,0,2,0,0,1,0,2,0,0,1,80,1,0,1.0,352,71,4.957746478873239
0,2,10,0,1,1,4,0,1,0,0,0,0,0,2,0,1,0,4.0,287,49,5.857142857142857
1,1,2,0,1,0,0,0,1,0,0,2,0,0,1,0,0,0,3.0,92,16,5.75
1,22,57,0,1,1,0,0,1,0,2,2,2,0,1,0,1,0,2.0,382,72,5.305555555555555
1,10,158,3,1,5,2,0,1,0,1,1,1,0,2,0,1,0,5.0,412,82,5.024390243902439
1,4,2,0,1,0,1,0,1,0,0,2,0,0,1,0,0,0,2.0,188,34,5.529411764705882
1,9,28,3,1,0,1,0,1,0,2,2,2,0,1,0,1,0,5.0,171,29,5.896551724137931
1,24,5,31,1,0,1,2,2,1,2,2,2,0,1,0,0,0,2.0,520,108,4.814814814814815
0,6,92,0,1,0,6,2,1,1,0,1,1,0,2,0,0,0,5.0,186,33,5.636363636363637
1,2,2,0,1,2,2,0,1,0,0,0,0,0,1,0,0,0,3.0,419,77,5.441558441558442
0,4,1,0,0,0,3,0,1,1,2,2,2,0,1,300,3,0,11.0,90,19,4.7368421052631575
1,5,2,0,0,1,4,1,1,0,2,2,2,0,2,0,0,1,20.0,356,60,5.933333333333334
1,3,2,0,0,0,1,1,1,0,0,0,0,0,2,0,1,0,5.0,821,149,5.510067114093959
0,48,3,0,0,0,3,1,2,0,2,2,2,0,1,0,0,0,6.0,309,54,5.722222222222222
0,24,1,0,1,1,5,0,0,1,2,2,2,0,1,0,0,0,1.0,397,73,5.438356164383562
1,3,2,0,2,2,0,0,0,0,2,2,0,0,5,50,0,0,5.0,558,108,5.166666666666667
0,27,1,0,0,2,2,0,2,1,2,0,1,0,1,0,9,0,2.0,224,44,5.090909090909091
1,24,2,0,1,0,2,0,1,0,2,2,2,0,1,0,0,0,3.0,174,31,5.612903225806452
1,8,69,0,0,1,0,0,1,0,2,2,2,0,1,120,0,0,10.0,2812,486,5.7860082304526745
0,4,3,0,0,0,0,0,1,0,0,0,0,0,1,0,0,0,3.0,294,56,5.25
0,1,3,0,2,0,5,1,0,0,2,2,2,0,16,0,1,0,1.0,162,33,4.909090909090909
1,8,11,0,1,1,0,0,0,0,2,2,0,0,1,0,1,0,2.0,292,48,6.083333333333333
1,36,34,0,0,5,2,0,0,0,1,1,1,0,1,0,0,0,3.0,155,32,4.84375
1,3,2,3,1,1,2,0,1,1,2,2,0,0,1,0,0,0,1.0,12,2,6.0
1,2,13,3,0,0,0,0,1,1,2,0,2,0,1,0,0,0,10.0,260,45,5.777777777777778
1,1,2,31,0,0,1,0,0,0,1,1,1,0,2,0,1,0,2.0,228,40,5.7
1,0,2,0,2,0,1,4,2,0,1,1,1,0,9,0,0,0,8.0,512,102,5.019607843137255
1,12,25,11,0,0,1,0,1,0,2,2,1,0,2,0,3,0,2.0,307,60,5.116666666666666
1,0,147,0,1,0,1,0,0,0,0,0,0,1,1,0,1,0,2.0,489,92,5.315217391304348
0,36,3,0,0,1,2,0,1,1,2,2,2,0,1,0,1,0,3.0,216,33,6.545454545454546
0,1,3,0,0,0,0,0,0,1,0,0,0,0,1,0,0,0,4.0,33,6,5.5
0,3,3,9,1,0,3,0,0,0,0,0,0,0,1,0,0,0,5.0,45,10,4.5
0,1,3,0,1,0,2,0,1,0,0,2,0,0,1,0,0,0,2.0,156,30,5.2
1,3,125,3,1,4,2,0,1,0,2,2,0,0,3,0,0,0,3.0,310,56,5.535714285714286
1,3,2,0,1,5,2,0,1,1,2,2,0,0,1,0,0,0,1.0,70,14,5.0
0,3,0,0,1,0,3,1,1,0,2,2,0,0,1,0,0,0,2.0,57,9,6.333333333333333
1,1,2,0,1,0,1,1,1,2,0,0,0,0,1,0,1,0,1.0,67,12,5.583333333333333
1,10,2,0,1,0,5,0,0,0,2,2,2,0,1,0,0,0,1.0,59,12,4.916666666666667
1,9,2,0,0,1,2,0,1,1,2,2,2,0,1,0,3,0,5.0,446,86,5.186046511627907
0,3,3,0,2,0,0,0,1,1,1,1,1,0,2,0,0,0,3.0,213,32,6.65625
0,2,3,0,1,0,4,0,1,0,0,2,0,0,1,0,0,0,3.0,58,10,5.8
0,1,3,0,1,1,6,0,0,0,0,0,0,0,1,0,1,0,5.0,186,38,4.894736842105263
0,1,1,0,0,0,3,1,1,1,0,0,0,0,1,0,1,0,5.0,270,52,5.1923076923076925
1,1,2,3,2,0,1,1,1,1,0,0,0,0,5,0,0,0,4.0,297,60,4.95
0,1,3,0,1,0,1,1,0,0,0,0,0,0,1,10,0,0,4.0,531,106,5.009433962264151
1,3,18,3,1,3,2,0,0,1,0,0,0,0,1,0,2,0,2.0,44,8,5.5
1,96,9,0,1,1,0,0,0,2,2,2,2,0,1,0,3,0,5.0,409,78,5.243589743589744
1,2,2,0,0,1,4,1,1,1,0,0,0,0,1,0,3,0,5.0,134,26,5.153846153846154
0,2,10,0,1,2,2,0,0,0,0,0,0,0,1,0,1,0,3.0,375,74,5.0675675675675675
1,2,14,3,2,0,2,0,1,1,1,1,1,0,3,0,3,0,3.0,529,94,5.627659574468085
0,2,3,0,1,3,0,0,1,0,2,2,0,0,1,0,1,0,2.0,108,16,6.75
0,2,3,0,2,3,0,0,1,0,2,2,0,0,3,0,0,0,3.0,249,47,5.297872340425532
1,16,119,0,1,0,1,4,1,1,2,2,2,0,1,50,0,0,5.0,161,32,5.03125
0,12,0,0,1,0,3,0,0,1,1,1,2,1,1,0,0,0,5.0,233,47,4.957446808510638
0,0,3,9,0,4,2,0,1,0,0,0,0,0,1,0,0,0,2.0,201,43,4.674418604651163
0,4,3,0,2,0,1,2,0,2,1,1,1,0,3,50,0,0,3.0,150,23,6.521739130434782
0,3,30,0,1,0,1,3,1,1,0,2,1,0,1,50,1,0,3.0,396,78,5.076923076923077
1,1,2,0,1,1,2,0,1,0,0,2,0,0,1,0,1,0,7.0,282,54,5.222222222222222
0,2,24,6,1,0,1,4,1,1,2,0,0,0,1,50,0,0,2.0,319,61,5.229508196721311
1,5,14,7,1,2,0,0,1,0,2,2,2,0,1,0,1,0,5.0,147,28,5.25
1,7,2,0,0,0,2,0,1,0,2,2,0,0,1,0,0,0,1.0,72,15,4.8
0,2,1,0,0,0,0,0,1,1,2,2,0,0,1,0,0,0,8.0,310,61,5.081967213114754
0,1,3,0,0,6,2,0,0,0,0,0,0,0,1,0,1,0,4.0,326,65,5.015384615384615
0,1,3,0,2,1,5,1,1,1,2,2,0,0,20,0,1,0,5.0,142,24,5.916666666666667
1,41,2,0,0,1,6,0,1,0,0,2,2,0,1,0,0,0,5.0,53,10,5.3
1,2,2,0,2,0,1,1,0,0,0,0,0,0,8,0,3,0,2.0,47,7,6.714285714285714
0,12,7,0,0,0,0,0,1,1,2,2,2,0,2,0,0,0,1.0,238,43,5.534883720930233
0,3,3,0,0,0,2,0,0,0,0,2,0,0,1,0,1,0,1.0,90,16,5.625
0,3,3,0,1,0,0,0,1,0,2,1,0,0,1,0,0,1,5.0,406,68,5.970588235294118
1,8,14,3,0,0,1,0,2,1,0,2,0,0,1,0,0,0,0.0,91,19,4.7894736842105265
1,0,2,0,1,1,2,0,1,0,0,0,2,0,1,0,0,0,5.0,113,25,4.52
0,1,3,0,2,0,5,1,0,0,0,0,0,0,3,0,1,0,3.0,217,48,4.520833333333333
1,2,2,0,1,1,2,0,1,0,2,2,0,0,1,0,1,0,1.0,423,74,5.716216216216216
0,1,30,0,1,3,0,0,1,0,0,0,0,0,1,0,0,0,1.0,233,38,6.131578947368421
1,1,2,11,1,2,2,0,1,1,1,1,0,0,1,0,0,0,5.0,565,100,5.65
1,48,11,0,1,2,2,0,0,0,2,2,2,0,1,0,1,0,1.0,74,14,5.285714285714286
0,48,3,48,0,5,2,0,0,0,2,2,2,0,1,50,0,0,27.0,1309,246,5.321138211382114
0,36,3,19,1,0,1,1,1,0,2,2,2,0,1,0,0,0,4.0,1233,222,5.554054054054054
1,3,2,0,1,1,0,0,1,0,2,2,0,0,1,0,1,0,15.0,807,157,5.140127388535032
1,36,19,0,2,0,3,1,0,1,2,2,0,0,3,0,0,0,2.0,206,33,6.242424242424242
0,2,0,0,1,0,1,5,1,0,0,2,0,0,2,0,1,1,5.0,1361,233,5.8412017167381975
0,1,3,0,1,6,3,1,0,0,0,2,0,0,1,0,3,0,2.0,275,49,5.612244897959184
0,1,3,0,1,0,3,1,1,0,0,2,0,0,1,0,0,1,16.0,830,150,5.533333333333333
1,2,2,0,2,1,0,0,1,0,0,0,0,0,5,0,0,0,2.0,256,51,5.019607843137255
0,4,3,0,0,4,2,0,1,0,0,0,0,1,1,0,0,0,1.0,20,5,4.0
1,36,2,0,0,0,2,0,1,0,2,2,2,0,1,0,0,0,1.0,81,13,6.230769230769231
0,1,77,0,2,0,3,1,1,0,0,0,0,0,3,0,0,0,1.0,336,61,5.508196721311475
1,1,2,0,2,0,1,1,1,1,0,0,0,0,3,0,0,0,21.0,414,83,4.9879518072289155
1,2,2,3,1,1,2,0,1,1,0,2,0,0,1,0,0,0,11.0,12,2,6.0
1,2,2,0,0,1,0,0,1,0,0,0,0,0,1,0,0,0,1.0,168,31,5.419354838709677
1,2,2,0,1,0,0,0,1,1,0,2,0,0,1,0,0,0,12.0,288,54,5.333333333333333
1,2,2,0,1,0,1,0,1,1,2,2,0,0,1,0,0,0,1.0,104,17,6.117647058823529
1,24,2,3,1,1,0,0,2,0,0,0,1,0,1,0,1,0,3.0,383,79,4.848101265822785
1,2,2,0,1,0,3,1,1,1,2,2,0,0,1,0,0,0,5.0,340,50,6.8
0,0,0,6,0,1,6,0,1,1,0,0,0,0,1,0,0,0,4.0,742,130,5.707692307692308
1,36,2,3,1,0,1,0,1,1,2,2,2,0,1,30,0,0,3.0,98,17,5.764705882352941
1,6,2,0,1,5,2,0,1,0,1,1,1,0,1,0,0,0,3.0,196,34,5.764705882352941
0,3,1,0,1,0,5,1,0,1,0,0,0,0,1,0,1,0,7.0,706,133,5.30827067669173
1,5,2,0,1,5,2,0,1,0,2,2,0,0,1,0,0,0,6.0,170,30,5.666666666666667
1,36,19,0,0,0,0,0,0,1,2,2,2,0,1,300,0,0,1.0,223,43,5.186046511627907
0,12,1,0,1,0,1,5,1,1,1,1,1,0,1,75,0,0,2.0,213,44,4.840909090909091
1,60,34,0,1,1,2,0,0,1,2,2,2,0,1,80,0,0,3.0,68,14,4.857142857142857
1,42,34,3,0,2,2,0,0,1,2,2,2,0,1,200,0,0,3.0,364,53,6.867924528301887
0,4,1,0,1,1,6,4,1,1,0,0,0,0,1,0,0,0,1.0,60,13,4.615384615384615
1,9,37,0,1,2,2,0,1,0,0,0,0,0,1,0,0,0,1.0,179,38,4.7105263157894735
0,0,3,0,1,5,2,0,1,0,0,0,0,0,1,0,0,0,1.0,69,10,6.9
0,5,3,0,0,0,0,0,1,0,0,2,0,0,1,0,1,0,2.0,1201,229,5.244541484716157
1,2,2,3,0,0,1,0,1,0,2,2,0,0,1,0,1,0,3.0,309,50,6.18
1,2,2,0,2,0,1,2,0,1,0,0,0,0,7,0,1,0,5.0,45,8,5.625
1,12,112,0,0,0,1,1,0,0,1,1,1,1,1,0,9,0,3.0,149,21,7.095238095238095
0,5,3,0,0,0,2,0,1,0,1,1,0,0,1,0,0,0,1.0,116,18,6.444444444444445
0,0,3,0,0,0,1,0,1,0,0,0,0,0,1,0,0,0,2.0,127,20,6.35
0,8,64,5,1,3,2,0,1,0,1,2,0,0,1,0,12,0,4.0,430,67,6.417910447761194
0,10,61,0,1,0,1,0,2,2,2,2,0,0,1,550,0,0,9.0,71,14,5.071428571428571
0,7,3,26,0,1,2,0,1,0,0,0,0,0,1,50,0,0,2.0,205,38,5.394736842105263
1,1,2,0,1,1,4,0,1,0,0,0,0,0,2,0,1,0,2.0,28,5,5.6
1,8,23,3,1,0,1,0,1,1,0,0,0,0,1,0,0,0,3.0,496,102,4.862745098039215
1,2,2,0,0,0,2,0,1,0,0,0,0,0,3,0,0,0,1.0,68,10,6.8
1,2,2,0,1,2,2,0,1,1,2,2,0,0,1,0,1,0,5.0,99,17,5.823529411764706
1,1,2,0,1,1,2,0,1,0,0,2,0,1,1,38,0,0,1.0,277,52,5.326923076923077
0,3,3,0,1,0,5,1,1,0,0,2,2,0,1,0,1,0,1.0,44,5,8.8
0,48,0,114,2,3,2,0,1,0,2,2,2,0,2,0,0,0,5.0,1335,252,5.2976190476190474
0,4,36,0,1,0,1,3,0,0,0,1,0,0,1,50,0,0,5.0,282,52,5.423076923076923
1,96,9,0,1,2,0,0,0,1,2,2,1,0,1,0,0,0,2.0,549,107,5.130841121495327
1,2,2,0,1,0,1,0,0,0,2,2,0,0,1,0,0,0,5.0,188,38,4.947368421052632
0,14,3,0,1,0,1,0,1,0,0,0,2,0,1,0,1,0,3.0,89,17,5.235294117647059
0,12,3,85,1,0,2,0,1,0,0,2,2,0,1,0,0,0,2.0,603,108,5.583333333333333
0,12,1,26,0,3,0,0,1,1,0,0,0,0,1,0,5,0,6.0,759,145,5.23448275862069
1,2,2,0,0,1,0,0,1,0,0,0,0,0,1,0,3,0,8.0,44,4,11.0
1,4,2,0,0,1,2,0,1,0,2,2,0,0,1,0,0,0,4.0,443,89,4.977528089887641
1,3,2,0,1,1,0,0,1,1,2,2,0,0,1,0,0,0,7.0,420,74,5.675675675675675
0,2,10,0,0,1,2,0,1,1,0,2,0,0,1,0,0,0,2.0,55,11,5.0
0,2,3,0,1,0,1,0,0,0,1,1,1,0,2,0,1,0,5.0,45,8,5.625
1,1,2,3,2,0,1,3,1,0,0,0,0,0,3,0,0,0,7.0,281,57,4.9298245614035086
0,2,1,0,1,5,2,0,2,1,0,2,0,0,1,15,1,0,3.0,453,79,5.734177215189874
0,1,4,0,2,0,6,0,0,1,0,0,0,0,2,0,0,0,1.0,173,34,5.088235294117647
1,48,9,0,1,1,4,0,1,1,2,2,0,0,1,0,0,0,5.0,29,5,5.8
0,18,3,0,1,0,6,1,1,0,1,1,0,0,1,0,0,0,1.0,657,121,5.429752066115703
1,9,2,0,1,1,2,0,1,0,2,2,2,0,1,0,0,0,1.0,302,63,4.7936507936507935
0,1,3,0,1,0,3,1,1,0,2,2,0,0,1,0,0,0,5.0,748,132,5.666666666666667
1,6,23,3,1,0,2,0,2,1,2,2,0,0,1,0,0,0,2.0,430,84,5.119047619047619
1,54,2,0,1,0,2,0,1,1,2,0,0,0,1,0,6,0,2.0,87,14,6.214285714285714
1,24,2,0,1,0,1,0,1,0,2,2,2,0,1,0,3,0,3.0,278,52,5.346153846153846
0,3,3,0,2,0,5,1,0,0,0,0,0,0,4,0,0,0,5.0,918,185,4.962162162162162
1,8,2,0,1,1,4,0,1,0,2,2,2,0,1,0,1,0,8.0,83,14,5.928571428571429
0,3,61,19,1,0,1,4,1,2,0,0,0,0,1,0,0,0,1.0,358,69,5.188405797101449
0,1,3,0,2,0,1,2,1,1,0,0,0,0,2,0,0,0,30.0,363,58,6.258620689655173
1,2,2,0,1,2,2,0,1,1,2,2,0,0,1,0,0,0,5.0,193,34,5.676470588235294
0,1,10,0,0,4,2,0,0,0,0,0,0,0,1,0,5,0,2.0,154,30,5.133333333333334
0,4,3,0,0,6,4,0,0,0,0,2,0,0,2,0,0,0,5.0,457,84,5.440476190476191
0,12,3,0,0,4,3,1,1,0,0,2,2,0,2,0,0,0,6.0,219,42,5.214285714285714
1,6,2,0,0,1,2,0,1,0,1,1,0,0,1,0,1,0,3.0,187,33,5.666666666666667
0,1,3,0,0,2,2,0,1,0,0,0,0,0,3,0,0,0,5.0,276,57,4.842105263157895
0,1,56,0,2,0,4,1,1,0,0,0,0,0,6,0,0,0,2.0,398,80,4.975
1,2,2,0,0,1,3,0,1,0,2,2,1,0,2,0,0,0,5.0,229,40,5.725
0,5,1,0,0,2,0,0,0,1,0,0,0,0,1,0,0,0,3.0,77,14,5.5
0,2,4,0,1,0,6,1,1,2,0,0,0,0,4,0,9,0,5.0,201,38,5.2894736842105265
0,5,3,0,0,4,2,0,0,0,2,2,0,0,1,0,0,0,1.0,58,13,4.461538461538462
1,3,2,0,2,0,2,0,1,0,0,0,0,0,2,0,5,0,3.0,226,43,5.255813953488372
1,2,2,0,0,0,1,0,1,1,2,2,0,0,1,50,0,0,1.0,67,12,5.583333333333333
0,2,3,0,0,4,3,0,1,0,0,0,0,0,1,0,0,0,1.0,460,91,5.054945054945055
0,10,3,0,1,3,0,0,0,0,0,2,0,0,1,0,2,0,4.0,909,196,4.637755102040816
1,1,2,3,2,0,1,1,1,0,0,0,0,0,2,0,3,0,1.0,156,30,5.2
0,7,0,0,0,0,3,1,0,0,2,2,2,0,1,100,0,0,5.0,212,39,5.435897435897436
1,60,28,3,0,0,0,0,1,0,2,2,2,0,1,0,0,0,8.0,477,84,5.678571428571429
0,8,0,0,0,4,2,0,1,0,2,2,2,0,1,0,0,0,2.0,99,17,5.823529411764706
0,4,10,0,1,5,2,0,0,0,2,2,0,0,1,0,1,0,0.0,125,23,5.434782608695652
1,13,2,0,0,0,1,5,2,2,2,2,1,0,1,0,1,0,0.0,234,46,5.086956521739131
1,1,2,3,1,0,1,0,1,1,0,2,0,0,1,0,0,0,5.0,114,19,6.0
0,2,3,0,0,4,5,0,0,0,0,0,0,0,1,0,0,0,5.0,954,152,6.276315789473684
1,4,2,0,0,1,2,0,1,0,2,2,0,1,1,0,0,0,1.0,1769,320,5.528125
0,3,3,19,1,0,1,4,1,1,0,0,0,0,1,0,0,1,3.0,550,99,5.555555555555555
0,5,3,0,1,1,2,0,1,0,0,0,0,0,1,0,6,0,1.0,38,7,5.428571428571429
0,0,3,6,0,0,2,0,1,0,0,0,0,0,1,0,0,1,10.0,1152,213,5.408450704225352
0,3,3,0,1,0,0,0,1,0,2,2,0,0,1,0,1,0,4.0,109,18,6.055555555555555
0,5,1,0,0,3,0,0,1,1,0,0,0,0,1,0,0,0,5.0,159,31,5.129032258064516
0,8,4,0,1,4,5,1,1,2,1,1,0,0,1,0,1,0,1.0,184,32,5.75
1,10,2,0,1,1,0,0,0,0,2,2,1,0,1,0,0,0,5.0,63,11,5.7272727272727275
0,4,3,0,0,0,6,0,0,0,0,2,0,0,2,0,1,0,1.0,367,65,5.6461538461538465
0,14,0,0,0,4,2,0,2,0,0,2,2,0,1,0,0,0,5.0,383,66,5.803030303030303
0,12,3,0,2,0,1,3,2,0,2,2,2,1,2,0,0,0,8.0,464,71,6.535211267605634
1,3,2,0,1,0,1,0,1,0,2,2,0,0,1,100,3,0,2.0,112,23,4.869565217391305
1,4,2,0,1,1,2,0,2,1,1,1,0,0,1,0,0,0,1.0,117,21,5.571428571428571
0,2,0,6,1,0,3,0,0,1,1,1,1,0,1,0,1,0,2.0,72,14,5.142857142857143
1,12,28,0,0,0,1,1,1,0,2,2,2,0,1,0,2,0,3.0,28,6,4.666666666666667
0,3,4,6,0,0,2,0,0,1,0,0,0,0,1,0,1,0,1.0,86,14,6.142857142857143
0,1,1,0,0,4,3,1,1,1,0,2,0,0,2,0,1,1,9.0,477,90,5.3
0,14,0,0,2,0,1,0,1,0,0,0,0,0,5,0,1,0,3.0,96,19,5.052631578947368
1,3,2,0,0,0,1,0,1,0,2,2,0,0,1,0,0,0,5.0,412,83,4.963855421686747
0,4,4,0,2,0,2,0,0,2,0,0,0,0,2,50,0,0,4.0,179,29,6.172413793103448
0,1,3,0,0,0,3,1,1,0,1,1,1,0,1,0,0,0,4.0,339,68,4.985294117647059
1,3,14,3,1,0,1,2,2,1,2,2,0,0,1,0,0,0,9.0,357,63,5.666666666666667
0,10,4,1,1,4,2,0,1,1,1,1,1,0,1,0,0,0,5.0,58,10,5.8
1,4,2,0,1,0,1,2,1,1,2,2,0,0,1,0,0,0,6.0,662,138,4.797101449275362
0,11,3,0,1,6,4,1,1,0,2,2,2,0,1,0,0,0,4.0,561,115,4.878260869565217
0,6,1,1,2,0,0,0,1,1,1,1,0,0,3,0,0,0,4.0,17,3,5.666666666666667
0,2,1,0,0,4,5,0,0,1,0,2,0,0,1,0,1,0,3.0,16,3,5.333333333333333
0,3,3,0,0,0,2,0,1,0,0,0,0,0,1,0,0,0,2.0,180,33,5.454545454545454
0,9,3,0,0,2,0,0,0,0,0,0,0,0,1,0,0,0,2.0,82,15,5.466666666666667
1,2,5,3,1,0,1,2,1,0,0,2,0,0,2,0,0,0,5.0,121,22,5.5
0,12,3,0,0,0,0,0,2,0,0,0,0,0,1,0,0,0,5.0,617,123,5.016260162601626
1,1,2,0,1,0,0,0,0,0,0,2,0,0,1,0,0,0,1.0,293,54,5.425925925925926
1,2,2,0,1,5,2,0,1,0,0,0,0,0,1,20,3,0,1.0,141,25,5.64
0,4,30,0,1,3,2,0,0,1,0,0,0,0,1,0,1,0,2.0,68,11,6.181818181818182
1,36,2,28,1,1,2,0,0,1,2,2,1,0,1,0,1,0,4.0,269,53,5.0754716981132075
1,2,2,0,1,4,2,0,1,0,0,2,0,0,1,0,1,0,1.0,103,22,4.681818181818182
0,2,3,0,0,1,4,1,1,0,0,0,0,0,1,0,0,0,2.0,127,21,6.0476190476190474
1,3,2,0,0,0,1,0,1,0,2,2,0,0,1,0,0,0,8.0,120,23,5.217391304347826
0,4,3,9,2,1,5,3,0,0,2,2,0,0,4,0,1,0,4.0,491,73,6.726027397260274
0,11,3,0,0,6,2,0,1,0,2,2,2,0,1,50,1,0,2.0,43,6,7.166666666666667
1,12,34,0,0,3,2,0,0,0,2,1,1,2,1,0,0,0,2.0,276,51,5.411764705882353
1,12,2,0,1,1,2,0,1,0,2,2,2,0,1,0,3,0,4.0,524,101,5.188118811881188
0,1,12,106,1,0,1,1,0,0,0,0,0,1,1,0,0,0,4.0,197,35,5.628571428571429
1,12,2,0,0,0,2,0,1,0,0,2,2,0,1,0,5,0,4.0,338,66,5.121212121212121
0,12,4,0,1,5,2,0,1,1,2,2,2,0,1,0,0,0,4.0,224,43,5.209302325581396
0,9,4,0,1,5,2,0,1,1,2,2,2,0,1,0,0,0,3.0,128,19,6.7368421052631575
1,3,2,0,1,1,2,0,1,0,2,2,2,0,1,0,1,0,4.0,166,29,5.724137931034483
0,3,36,0,0,0,3,0,1,0,2,2,0,0,1,450,0,0,1.0,149,22,6.7727272727272725
0,2,3,0,1,0,1,1,1,0,0,2,2,0,1,0,0,0,5.0,724,136,5.323529411764706
1,2,2,0,2,0,1,4,0,0,0,2,0,0,4,0,0,0,5.0,254,47,5.404255319148936
1,2,13,3,1,5,2,0,1,0,2,2,0,0,5,0,0,0,3.0,530,106,5.0
0,4,3,19,1,0,1,3,1,0,0,2,0,0,1,0,0,0,1.0,204,34,6.0
1,2,2,7,1,0,1,1,1,1,2,2,0,0,2,0,0,0,22.0,275,39,7.051282051282051
1,3,2,0,0,0,1,2,1,0,2,2,0,0,1,0,0,0,2.0,105,19,5.526315789473684
0,1,3,0,1,0,0,0,0,0,0,0,0,0,1,0,0,0,1.0,123,26,4.730769230769231
0,1,7,9,2,6,2,0,0,1,0,2,0,0,4,200,0,0,11.0,210,40,5.25
1,46,34,0,1,2,0,0,0,2,2,2,2,0,1,0,1,0,1.0,16,3,5.333333333333333
0,24,26,0,1,0,1,3,1,0,2,2,2,1,1,0,0,0,2.0,30,7,4.285714285714286
0,3,3,0,0,0,2,0,1,0,2,2,0,0,1,59,1,0,4.0,2349,417,5.633093525179856
1,10,2,0,1,1,0,0,1,0,2,2,2,0,1,50,0,0,2.0,138,23,6.0
1,1,2,0,1,0,1,4,1,0,2,2,2,0,1,0,2,0,3.0,361,67,5.388059701492537
1,1,2,0,1,1,3,1,1,0,0,2,0,0,1,0,0,3,16.0,286,56,5.107142857142857
1,9,2,0,1,1,2,0,1,0,0,0,1,0,2,0,1,0,1.0,117,23,5.086956521739131
1,2,2,0,0,2,2,0,2,0,1,1,1,0,1,0,0,0,2.0,351,67,5.2388059701492535
0,2,3,0,1,0,0,0,1,0,0,2,0,0,1,0,0,0,3.0,286,55,5.2
0,3,3,0,0,1,6,1,0,0,0,0,0,0,1,0,0,0,3.0,307,61,5.032786885245901
1,16,2,0,2,1,5,1,1,0,1,1,1,0,5,0,3,0,0.0,607,118,5.1440677966101696
1,1,11,3,0,1,0,0,1,1,0,0,0,0,1,0,1,0,1.0,220,46,4.782608695652174
0,1,1,0,0,0,3,0,1,1,0,0,0,0,1,0,1,0,4.0,181,34,5.323529411764706
1,5,2,11,0,0,0,0,1,0,1,1,0,0,1,0,0,0,4.0,442,83,5.325301204819277
0,92,61,0,1,0,1,1,1,2,2,0,2,0,1,50,1,0,3.0,103,21,4.904761904761905
1,1,2,0,0,0,2,0,1,0,0,0,0,0,1,0,0,0,1.0,348,64,5.4375
1,2,2,3,2,1,5,2,1,0,2,2,0,0,2,0,1,0,5.0,279,56,4.982142857142857
0,1,3,26,1,3,2,0,0,0,2,2,0,0,1,0,0,0,3.0,419,76,5.5131578947368425
1,9,2,0,1,0,1,0,1,0,1,1,1,2,1,0,0,0,7.0,1194,247,4.834008097165992
1,3,2,0,0,0,0,0,1,0,2,2,0,0,1,0,0,0,3.0,91,17,5.352941176470588
1,5,13,0,0,0,1,1,2,1,2,2,2,0,1,0,0,0,2.0,135,27,5.0
1,36,2,0,1,1,0,0,2,0,2,2,2,1,1,0,0,0,4.0,1388,272,5.102941176470588
0,8,1,0,2,4,5,0,1,1,0,2,0,0,4,0,0,0,0.0,365,75,4.866666666666666
1,36,23,0,1,0,1,0,2,1,2,2,2,0,1,0,1,0,5.0,313,64,4.890625
0,1,0,0,0,3,2,0,1,1,0,0,0,0,1,0,1,0,3.0,427,79,5.405063291139241
0,2,3,0,0,4,2,0,0,0,0,0,0,1,1,0,0,0,3.0,579,130,4.453846153846154
1,4,2,0,0,1,2,0,1,0,2,2,0,0,1,0,0,0,1.0,85,16,5.3125
1,2,2,0,1,1,0,0,1,0,0,0,0,0,1,0,0,2,6.0,681,135,5.044444444444444
0,24,3,0,1,0,0,0,1,0,2,2,2,0,1,0,1,0,5.0,98,21,4.666666666666667
1,2,2,0,0,0,1,1,1,0,0,0,0,0,1,0,0,0,7.0,239,46,5.195652173913044
1,2,2,3,0,4,2,0,1,1,2,2,0,0,1,0,0,0,2.0,12,2,6.0
0,11,3,0,1,5,2,0,0,0,2,2,2,0,1,50,1,0,3.0,108,16,6.75
1,4,2,0,1,4,2,0,1,0,2,2,0,0,1,0,1,0,1.0,435,91,4.78021978021978
1,4,2,0,0,2,0,0,1,0,2,1,0,0,1,299,1,0,15.0,59,10,5.9
1,36,9,0,1,1,0,0,0,2,2,2,2,0,1,0,2,0,1.0,1533,296,5.179054054054054
1,4,9,0,1,0,1,1,0,2,2,2,0,0,1,400,0,0,3.0,68,12,5.666666666666667
1,2,2,0,0,1,2,0,1,1,1,1,0,0,1,0,0,0,5.0,99,17,5.823529411764706
0,26,1,0,1,1,4,1,2,1,0,2,0,0,1,10,4,0,2.0,428,75,5.706666666666667
0,5,3,0,1,0,1,3,1,0,0,0,0,0,1,0,1,0,1.0,23,4,5.75
0,1,1,0,1,3,0,0,0,2,1,1,1,0,3,0,0,0,3.0,98,15,6.533333333333333
0,16,3,10,0,5,2,0,2,1,2,2,2,0,1,0,0,0,0.0,77,14,5.5
1,2,2,0,2,0,2,0,0,0,0,0,0,0,5,0,0,0,5.0,76,13,5.846153846153846
0,24,3,0,0,6,2,0,2,0,0,0,0,1,1,0,6,0,12.0,672,106,6.339622641509434
0,2,3,0,0,6,0,0,0,0,0,0,0,0,1,0,0,0,5.0,103,19,5.421052631578948
0,4,3,0,0,4,0,0,1,0,2,2,2,0,1,0,0,0,3.0,14,2,7.0
0,2,3,0,2,4,0,0,1,0,0,0,0,0,2,30,0,0,2.0,340,59,5.762711864406779
1,48,48,0,1,0,1,5,1,0,2,2,2,0,1,0,1,0,3.0,54,9,6.0
0,2,3,20,1,0,3,1,0,0,0,0,0,0,1,0,5,0,2.0,269,50,5.38
0,2,3,0,0,1,4,0,0,0,0,2,0,0,1,0,1,0,3.0,104,16,6.5
1,2,2,0,1,0,1,5,2,0,1,2,1,0,2,0,3,0,3.0,306,58,5.275862068965517
0,6,3,0,0,4,2,0,0,0,0,2,2,0,1,0,0,1,0.0,41,7,5.857142857142857
1,1,2,3,0,1,2,0,1,0,0,0,0,0,1,0,1,0,5.0,30,4,7.5
1,1,2,0,2,0,1,0,0,0,0,0,0,0,7,0,9,0,5.0,286,54,5.296296296296297
1,60,9,0,0,1,0,0,1,1,2,2,0,1,1,0,0,0,1.0,403,80,5.0375
0,2,10,0,1,3,0,0,0,0,0,0,0,0,1,0,1,0,4.0,183,37,4.945945945945946
0,4,3,0,0,6,0,0,0,0,0,2,0,0,1,0,2,0,4.0,609,130,4.684615384615385
0,2,3,0,2,0,0,0,1,0,0,0,0,0,3,0,0,0,1.0,101,14,7.214285714285714
0,12,24,0,1,0,1,4,1,0,0,0,0,0,1,0,0,0,1.0,158,28,5.642857142857143
1,2,2,0,1,1,0,0,1,1,1,2,1,0,1,0,1,0,1.0,580,106,5.471698113207547
1,3,2,0,1,1,2,0,1,0,2,2,0,0,1,0,0,0,5.0,1329,251,5.294820717131474
0,1,3,0,0,4,4,1,1,0,0,2,0,0,1,0,0,0,4.0,871,159,5.477987421383648
1,12,2,0,0,0,2,0,1,0,0,2,2,0,1,0,0,0,9.0,338,66,5.121212121212121
1,4,2,0,0,6,4,0,1,0,0,0,0,1,1,30,0,4,6.0,840,162,5.185185185185185
1,12,34,0,0,2,2,0,0,1,0,0,0,0,1,0,0,0,3.0,31,6,5.166666666666667
1,6,2,0,1,0,2,0,1,0,2,2,2,0,1,0,0,0,4.0,390,76,5.131578947368421
0,3,61,19,1,0,1,4,1,2,0,0,0,0,1,100,0,0,1.0,372,71,5.23943661971831
0,12,3,6,1,0,1,2,1,1,0,0,2,0,2,0,1,0,1.0,662,125,5.296
1,2,2,0,1,0,2,0,1,0,0,2,0,0,1,0,1,0,3.0,88,19,4.631578947368421
1,24,8,0,1,0,1,0,3,0,2,2,2,0,1,0,0,0,2.0,317,55,5.763636363636364
1,48,2,0,1,4,2,0,1,2,2,2,2,0,1,0,0,0,1.0,219,36,6.083333333333333
1,3,2,0,1,1,0,0,1,0,2,2,0,0,1,0,1,0,4.0,86,15,5.733333333333333
0,5,10,9,0,1,2,0,0,0,2,2,2,0,1,0,0,0,5.0,186,36,5.166666666666667
0,2,3,0,1,0,1,1,0,0,0,2,0,0,1,0,0,1,7.0,181,36,5.027777777777778
0,1,10,0,0,1,3,0,2,1,1,1,1,0,1,0,3,0,8.0,186,32,5.8125
1,2,2,0,0,1,4,0,1,0,2,2,2,0,1,0,0,0,1.0,87,16,5.4375
1,1,2,0,2,1,0,0,0,0,0,0,0,0,3,0,9,0,23.0,718,138,5.202898550724638
1,12,2,0,1,5,2,0,1,0,1,1,1,0,1,0,0,0,3.0,379,73,5.191780821917808
1,53,34,0,0,1,4,0,0,1,2,2,1,0,1,0,2,0,2.0,186,33,5.636363636363637
1,3,2,0,1,1,2,0,2,0,0,0,0,0,1,0,3,0,3.0,695,134,5.186567164179104
1,2,2,0,1,0,1,2,1,1,1,1,2,0,1,0,1,0,5.0,129,22,5.863636363636363
1,36,2,0,0,2,2,0,1,1,2,2,0,0,1,0,2,0,4.0,242,47,5.148936170212766
0,9,1,10,1,2,0,0,1,1,0,2,0,0,1,0,0,0,2.0,49,10,4.9
0,1,3,0,1,1,0,0,0,0,0,0,0,0,1,0,0,0,4.0,38,9,4.222222222222222
1,6,2,3,1,4,2,0,0,0,2,2,0,0,1,0,1,0,2.0,98,22,4.454545454545454
1,2,2,0,0,0,1,0,1,1,0,0,0,0,1,0,3,0,5.0,155,25,6.2
1,72,2,0,2,0,1,0,1,0,1,1,2,0,2,0,0,0,4.0,637,128,4.9765625
0,3,3,0,1,3,0,0,0,0,0,2,0,1,1,0,0,0,8.0,218,45,4.844444444444444
0,5,3,9,1,4,5,1,0,0,2,2,0,0,2,10,1,0,12.0,191,33,5.787878787878788
0,24,4,0,1,1,2,0,1,2,2,2,2,0,1,150,5,0,1.0,211,36,5.861111111111111
0,30,12,0,1,3,0,0,1,1,0,0,0,0,1,0,1,0,1.0,76,14,5.428571428571429
1,48,33,83,1,4,4,0,0,1,2,2,2,0,1,200,0,0,8.0,381,65,5.861538461538461
1,1,14,3,1,1,2,0,1,1,2,2,0,0,1,0,3,0,5.0,31,5,6.2
1,2,2,3,1,0,1,1,1,0,2,2,0,0,1,0,1,0,7.0,189,35,5.4
1,15,2,0,1,0,2,0,0,0,2,2,0,0,1,0,0,0,1.0,79,17,4.647058823529412
1,2,2,3,1,1,2,0,1,0,2,2,0,0,1,0,0,0,3.0,180,30,6.0
1,6,2,0,0,1,0,0,1,0,2,2,0,0,1,0,1,0,3.0,39,8,4.875
1,1,2,0,1,0,2,0,0,0,0,0,0,0,1,0,0,0,1.0,109,21,5.190476190476191
1,1,2,0,0,1,0,0,1,0,0,0,0,0,1,0,0,0,2.0,722,131,5.511450381679389
1,1,5,0,1,0,1,2,1,0,0,0,0,0,2,0,0,0,1.0,127,24,5.291666666666667
1,24,2,68,0,1,2,0,1,0,2,2,2,0,1,0,0,0,8.0,354,70,5.057142857142857
1,7,2,0,1,1,4,0,0,0,0,2,0,0,1,0,6,0,2.0,334,58,5.758620689655173
0,30,3,0,0,4,2,0,2,0,2,2,2,0,1,0,0,0,2.0,636,115,5.530434782608696
1,2,2,0,0,0,1,0,1,1,2,2,0,0,1,0,0,0,2.0,87,17,5.117647058823529
1,18,14,0,1,1,6,0,2,0,2,2,2,0,1,0,0,0,0.0,115,21,5.476190476190476
1,12,9,0,1,0,0,0,0,2,2,2,0,0,1,650,0,0,2.0,382,69,5.536231884057971
1,24,2,3,2,1,0,0,1,0,1,1,1,0,2,0,3,0,3.0,522,96,5.4375
1,2,9,0,2,0,1,1,0,2,0,0,0,0,3,250,1,0,5.0,104,21,4.9523809523809526
0,2,3,0,2,0,5,1,0,0,2,2,0,0,3,0,0,0,4.0,232,49,4.73469387755102
1,18,2,0,0,1,2,0,2,0,2,2,2,0,1,0,0,0,2.0,769,129,5.961240310077519
1,2,25,3,2,0,1,0,1,0,1,1,0,0,3,0,1,0,1.0,95,19,5.0
1,3,2,0,1,1,2,0,1,1,2,2,0,0,1,200,0,1,3.0,125,23,5.434782608695652
1,3,2,0,0,0,2,0,1,0,2,2,0,0,1,0,1,0,6.0,144,29,4.9655172413793105
1,1,2,38,1,0,1,0,1,0,0,2,0,1,1,0,0,0,10.0,486,84,5.785714285714286
0,2,7,9,2,0,1,1,0,1,0,0,0,0,3,0,0,0,3.0,675,115,5.869565217391305
1,11,8,0,1,0,1,0,2,0,2,2,2,0,1,400,0,0,7.0,1625,290,5.603448275862069
0,6,0,0,2,3,0,0,0,0,0,2,0,0,2,0,5,0,1.0,444,82,5.414634146341464
0,12,1,0,2,0,0,0,1,1,1,1,1,0,4,0,0,0,1.0,231,44,5.25
1,2,2,3,0,1,6,2,1,1,0,0,0,0,1,0,0,0,1.0,305,57,5.350877192982456
1,12,2,0,0,2,2,0,1,0,0,2,0,0,1,0,0,0,3.0,8,1,8.0
0,2,1,0,2,1,4,3,1,1,0,0,0,0,4,0,0,0,3.0,89,16,5.5625
0,4,7,6,0,5,2,0,1,1,0,2,0,0,1,0,0,0,6.0,215,45,4.777777777777778
1,2,2,0,1,2,0,0,1,0,0,0,0,0,1,0,1,1,5.0,116,27,4.296296296296297
1,24,20,3,0,6,4,1,1,2,2,2,2,0,1,0,0,0,7.0,458,67,6.835820895522388
0,6,3,0,2,4,5,1,1,0,0,0,0,0,3,0,0,0,6.0,202,36,5.611111111111111
1,3,2,0,0,1,2,0,1,0,0,2,0,0,1,0,0,0,3.0,568,110,5.163636363636364
0,3,1,0,0,2,0,0,1,1,1,1,0,0,1,0,0,0,4.0,57,11,5.181818181818182
1,2,2,0,0,0,1,1,1,0,0,0,0,0,4,0,3,0,4.0,124,20,6.2
1,3,2,3,0,2,0,0,1,0,0,0,0,0,1,80,0,0,6.0,101,17,5.9411764705882355
1,84,112,0,1,1,0,0,1,0,2,2,2,0,1,0,9,0,21.0,973,178,5.466292134831461
0,1,1,0,2,1,6,0,0,1,0,0,0,0,2,0,0,0,3.0,161,32,5.03125
1,12,2,11,0,1,2,0,1,0,1,1,1,0,1,0,5,0,2.0,211,36,5.861111111111111
0,3,7,1,0,5,2,0,1,2,0,2,0,0,1,700,0,0,3.0,94,18,5.222222222222222
0,29,3,0,0,0,1,0,1,0,2,2,2,0,1,90,1,0,11.0,2050,343,5.97667638483965
0,6,31,9,1,0,0,0,1,0,2,2,0,0,1,0,3,0,7.0,697,112,6.223214285714286
1,2,2,0,1,0,1,0,1,1,0,0,0,0,1,20,3,0,1.0,142,25,5.68
0,4,3,0,0,0,3,1,1,1,2,2,0,0,1,0,0,0,5.0,101,20,5.05
0,2,3,0,2,4,5,0,1,0,0,2,0,0,2,0,0,0,4.0,312,53,5.886792452830188
1,3,2,0,1,1,5,0,1,0,2,2,2,0,1,0,0,0,4.0,577,102,5.6568627450980395
1,2,2,0,1,1,2,0,1,0,0,0,0,0,1,20,3,0,1.0,117,20,5.85
1,3,14,3,1,5,2,0,1,0,2,2,0,0,1,0,0,0,4.0,199,38,5.2368421052631575
1,2,13,3,1,2,2,0,0,1,0,2,0,0,1,0,0,0,2.0,332,65,5.107692307692307
0,12,3,0,1,0,0,0,1,1,2,0,2,0,1,0,6,0,5.0,58,9,6.444444444444445
0,7,7,6,1,0,3,1,1,1,2,2,0,0,1,0,0,0,5.0,459,94,4.882978723404255
1,3,100,3,1,0,0,0,1,1,2,2,2,0,1,200,0,0,1.0,364,53,6.867924528301887
1,2,2,0,2,1,6,4,2,0,1,1,0,0,5,0,1,0,3.0,279,53,5.264150943396227
0,2,3,0,0,2,0,0,0,0,1,2,0,0,1,0,1,0,2.0,40,7,5.714285714285714
0,3,1,0,2,0,5,1,1,1,0,0,0,0,2,0,1,0,15.0,1098,205,5.35609756097561
1,4,2,0,1,0,1,1,1,0,2,2,0,0,1,0,0,0,4.0,660,138,4.782608695652174
0,1,1,6,2,1,5,3,0,0,0,0,0,0,3,0,1,0,2.0,243,44,5.5227272727272725
1,36,13,3,1,0,1,4,1,1,1,1,1,0,1,0,1,0,4.0,616,112,5.5
1,2,2,0,2,0,1,1,1,0,1,1,1,0,8,0,3,0,2.0,165,28,5.892857142857143
1,18,2,39,0,2,2,0,1,0,2,2,0,0,1,0,2,0,2.0,350,76,4.605263157894737
1,2,2,3,1,0,1,1,1,0,0,0,0,0,3,0,0,0,5.0,499,100,4.99
1,2,57,3,2,0,0,0,1,1,0,1,0,0,2,0,3,1,7.0,116,19,6.105263157894737
0,1,3,0,0,1,3,0,0,0,0,1,0,0,1,0,1,0,3.0,591,118,5.008474576271187
0,2,3,0,1,0,1,0,1,0,2,2,0,0,1,0,0,0,5.0,238,43,5.534883720930233
1,18,2,0,1,5,2,0,1,1,2,2,2,0,1,0,0,0,4.0,879,163,5.392638036809816
0,8,3,6,2,1,5,1,1,0,0,2,0,0,3,0,3,0,2.0,268,47,5.702127659574468
1,1,5,3,1,1,4,0,1,0,0,2,0,0,1,0,0,0,2.0,270,45,6.0
1,3,2,0,0,0,1,1,1,0,0,2,0,0,1,50,9,0,2.0,232,44,5.2727272727272725
1,48,16,0,0,0,1,5,0,1,2,2,2,0,1,0,1,0,3.0,122,20,6.1
1,12,2,3,0,0,5,0,1,0,0,2,0,0,1,0,0,0,7.0,880,166,5.301204819277109
1,12,2,3,0,1,2,0,1,1,2,2,2,0,1,0,0,0,1.0,12,2,6.0
0,20,1,0,0,0,3,1,2,1,0,2,0,0,1,0,0,0,4.0,302,48,6.291666666666667
1,28,21,0,0,0,0,0,2,1,2,2,1,0,1,50,0,0,2.0,304,64,4.75
1,9,2,0,0,1,6,0,1,1,2,1,0,0,1,0,0,0,3.0,633,115,5.504347826086956
0,2,92,0,2,0,1,4,0,0,0,0,0,0,3,0,2,0,5.0,94,14,6.714285714285714
1,2,2,0,1,1,2,0,1,1,0,0,0,0,1,0,0,0,2.0,145,27,5.37037037037037
1,5,2,0,1,6,2,0,1,0,2,2,1,0,1,0,1,0,5.0,172,32,5.375
0,12,1,0,1,4,5,1,0,1,2,2,2,0,1,0,3,0,2.0,55,9,6.111111111111111
0,2,1,6,1,0,1,1,0,1,0,2,0,0,1,0,0,0,3.0,264,47,5.617021276595745
1,3,2,0,0,0,0,0,1,1,2,2,0,0,1,50,0,0,1.0,92,20,4.6
1,60,14,3,0,2,0,0,1,1,2,2,2,0,1,0,0,0,9.0,530,97,5.463917525773196
0,4,0,0,0,6,0,0,0,1,2,2,0,0,1,0,1,0,7.0,371,62,5.983870967741935
1,1,2,0,0,1,2,0,1,0,0,0,0,0,1,0,0,0,0.0,262,56,4.678571428571429
1,3,2,0,1,1,2,0,1,0,0,0,0,0,1,0,0,0,3.0,140,26,5.384615384615385
1,4,2,3,1,1,2,0,1,0,2,2,0,0,1,150,0,0,1.0,116,23,5.043478260869565
1,1,2,0,1,0,0,0,1,0,0,0,0,0,3,0,0,0,20.0,601,109,5.513761467889908
1,60,45,0,0,1,2,0,1,1,1,2,0,0,1,0,0,0,1.0,104,24,4.333333333333333
1,2,5,3,0,2,2,0,1,0,0,2,0,0,1,0,0,0,12.0,546,105,5.2
0,12,3,0,1,6,2,0,0,0,1,2,2,0,1,0,1,0,2.0,82,12,6.833333333333333
0,3,3,0,1,0,3,1,1,1,0,2,0,0,1,0,0,0,2.0,543,106,5.122641509433962
1,36,5,0,0,5,2,0,1,2,1,2,0,0,1,0,0,0,5.0,247,40,6.175
0,36,3,0,1,4,3,1,1,1,1,1,2,0,1,0,0,0,5.0,577,107,5.392523364485982
1,1,2,0,2,0,1,1,1,1,0,0,0,0,7,0,0,0,10.0,142,24,5.916666666666667
0,14,1,44,0,0,1,1,2,1,2,2,2,0,1,10,0,0,1.0,144,20,7.2
1,2,2,0,1,1,2,0,1,0,0,0,0,0,1,0,0,0,4.0,437,81,5.395061728395062
0,2,31,9,1,0,0,0,0,0,0,2,0,0,1,0,1,0,2.0,274,53,5.169811320754717
0,3,1,6,2,0,0,0,1,1,1,1,1,0,2,0,0,0,7.0,453,81,5.592592592592593
0,3,3,0,2,3,2,0,1,0,2,2,0,0,2,100,1,0,4.0,674,131,5.145038167938932
0,1,3,9,1,6,0,0,0,1,2,2,0,1,1,50,0,0,10.0,330,56,5.892857142857143
1,2,2,0,1,0,1,2,1,1,2,2,0,0,1,0,3,0,4.0,232,40,5.8
0,12,10,8,1,1,2,0,1,0,0,0,0,0,4,0,8,0,4.0,333,58,5.741379310344827
1,4,2,0,1,0,0,0,1,1,0,2,0,0,2,0,0,0,6.0,851,161,5.285714285714286
1,60,163,0,1,0,2,0,1,0,1,1,1,0,1,0,1,0,2.0,65,13,5.0
0,3,1,9,0,0,3,1,0,1,0,2,0,0,2,0,3,0,2.0,28,5,5.6
0,2,3,0,0,1,3,1,1,0,2,2,0,0,2,50,7,0,5.0,442,76,5.815789473684211
1,1,2,0,0,1,2,0,1,0,0,0,0,0,7,1,0,0,4.0,18,3,6.0
0,2,3,0,1,1,4,1,1,0,0,2,0,0,1,0,0,0,4.0,530,104,5.096153846153846
1,48,28,0,0,0,1,0,0,1,2,2,1,0,1,0,0,0,4.0,497,93,5.344086021505376
1,2,2,0,1,1,2,0,1,0,2,2,1,0,1,0,0,0,4.0,130,26,5.0
1,24,2,107,1,0,1,1,1,1,1,1,1,0,1,0,1,0,5.0,2074,383,5.415143603133159
1,12,2,0,1,2,2,0,2,1,2,0,2,0,1,0,0,0,2.0,184,32,5.75
1,3,2,0,1,2,2,0,1,1,0,0,0,0,1,0,0,0,10.0,543,103,5.271844660194175
1,108,16,0,1,0,1,0,0,2,2,2,2,0,1,0,0,0,2.0,446,68,6.5588235294117645
0,3,3,0,1,3,2,0,1,0,0,0,0,0,2,0,0,0,4.0,68,12,5.666666666666667
0,14,10,10,2,0,6,3,0,0,1,2,2,0,5,100,0,0,4.0,219,39,5.615384615384615
1,1,2,0,2,0,1,4,0,1,0,0,1,0,3,0,2,0,5.0,407,76,5.355263157894737
1,61,136,93,1,1,6,0,2,2,2,2,2,0,1,0,0,0,2.0,175,25,7.0
1,6,2,0,1,0,2,0,1,0,2,2,2,0,1,0,2,0,2.0,154,30,5.133333333333334
1,2,2,0,1,1,2,0,1,0,2,2,0,0,1,0,0,1,5.0,296,60,4.933333333333334
0,5,3,9,0,3,2,0,0,0,0,0,0,0,1,0,1,0,3.0,52,10,5.2
0,2,4,0,0,1,6,4,1,1,0,2,0,0,1,0,0,0,2.0,211,41,5.146341463414634
